255.17
244.31
314.35
342.65
291.9
250.6
227.9
262.39
268.35
272.08
295.17
260.83
199.49
235.06
247.77
367.68
441.04
468.84
459.19
436.98
429.75
453.41
453.04
460.81
459
463.78
445.03
428.44
431.84
424.16
420.82
408.74
370.84
327.74
351.22
410.6
427.51
435.77
410.05
401.31
419.75
432.03
414.36
430.74
462.38
470
468.4
457.59
463.95
465.28
456.51
455.03
451.31
430.96
423.25
450.44
452.87
446.98
450.14
444.04
443.86
443.2
436.8
436.7
435.14
425.24
396.36
382.48
403.01
408.14
405.08
418.21
420.18
409.47
395.06
384.76
387.98
389.52
392.11
386.33
386.06
372.53
349.46
344.74
331.98
340.64
356.45
370.03
371.17
359.69
342.83
356.48
359.38
347.96
348.72
353.85
342.92
337.61
331.02
331.93
333.29
340.82
338.79
335.69
333.97
331.33
330.6
323.23
300.15
290.43
308.61
312.66
310.58
308.72
303.84
296.73
296.33
298.78
294.77
290.74
281.66
276.31
285.02
290.55
287.17
280.62
262.41
262.96
272.23
271.14
270.7
272.27
270.92
266.69
263.44
264.89
262.97
260.11
255.84
252.23
249.93
245.47
234.78
238.97
245.85
244.92
241.33
237.84
235.27
232.67
231.89
232.04
230.66
230.27
231.76
229.72
226.22
224.49
220.62
218.8
215.65
212.25
213.08
215.85
211.01
196.3
196.79
207.8
211.48
210.96
209.61
209.15
207.69
206.25
203.7
202.3
201.64
200.84
200.12
198.83
197.23
195.02
189.85
172.58
162.3
167.02
172.89
175
177.03
179.03
176.49
172.73
172.14
174.13
174.47
173.9
172.93
170.88
168.8
168.28
161.93
148.42
141.3
147.1
149.77
143.59
141.81
141.34
141.71
143.49
148.39
149.94
149.31
149.97
149.95
149.78
149.72
149.27
148.12
146.97
146.27
145.44
144.3
143.02
140.03
118.89
76.964
72.935
81.667
100.26
117.47
126.28
129.6
130.33
129.86
129.08
128.06
127.49
126.35
125.17
124.19
123.03
120.81
118.6
117.35
116.75
116.53
115.63
115.51
114.24
112.78
111.91
112.15
111.73
109.85
107.01
103.35
97.414
93.055
91.534
91.707
95.194
91.597
92.087
95.51
93.894
92.887
93.214
92.574
93.974
95.582
95.713
96.132
96.542
96.091
95.456
94.343
91.941
89.256
88.718
81.848
83.285
89.734
90.437
89.442
88.804
86.716
79.636
79.732
83.352
84.972
85.082
84.413
83.625
83.071
82.569
81.448
81.531
81.02
80.326
79.965
79.547
78.317
75.758
71.77
67.192
63.358
60.937
62.504
67.156
67.743
62.305
57.685
57.875
59.677
58.741
58.668
59.15
61.413
62.98
61.695
60.226
59.386
55.855
48.691
40.306
31.733
28.636
29.519
33.203
40.031
39.716
36.518
34.603
34.884
36.125
36.987
36.996
37.111
37.56
39.038
39.62
40.082
41.528
42.95
44.397
47.912
51.278
49.35
50.448
52.314
52.513
51.714
50.384
49.44
48.653
47.649
46.627
45.698
44.73
43.76
42.773
41.676
40.355
39.073
38.171
37.632
36.615
35.416
33.609
31.656
29.268
24.996
17.899
13.566
13.415
14.722
17.016
15.917
16.411
19.344
22.388
24.015
24.209
23.704
23.314
23.436
23.099
22.364
22.177
22.065
22.029
21.8
21.701
21.486
21.054
20.533
19.777
18.534
16.979
16.421
17.29
17.559
17.675
17.419
16.731
15.927
15.069
14.075
13.187
12.078
10.301
9.517
7.652
3.908
0.967
0.083
0.01
0.03
0.06
0.048
0.077
0.106
0.173
0.222
0.426
0.834
1.408
2.056
2.028
2.095
3.032
3.958
5.016
5.248
4.405
4.156
4.688
5.256
6.219
7.255
7.787
7.973
8.313
8.498
8.709
8.785
8.776
8.722
8.576
8.422
8.296
8.128
7.706
7.232
7.2
7.383
7.43
7.229
6.755
6.538
6.65
6.856
6.866
6.76
6.59
6.384
6.252
6.182
6.127
5.977
5.851
5.796
5.687
5.585
5.467
5.355
5.242
5.097
4.999
4.887
4.71
4.601
4.445
4.332
4.245
4.179
4.043
3.822
3.573
3.258
2.941
2.665
2.246
1.693
1.129
0.725
0.432
0.239
0.149
0.06
0.011
0.007
0.01
0.007
0.008
0.012
0.01
0.016
0.032
0.045
0.045
0.036
0.017
0.015
0.04
0.081
0.108
0.147
0.232
0.348
0.46
0.533
0.622
0.891
1.233
1.54
1.761
1.848
1.76
1.311
0.733
0.609
0.681
0.93
1.36
1.733
1.916
1.857
1.608
1.345
1.32
1.327
1.332
1.464
1.624
1.677
1.679
1.675
1.66
1.647
1.627
1.601
1.59
1.598
1.597
1.584
1.554
1.503
1.475
1.428
1.42
1.424
1.399
1.365
1.363
1.322
1.299
1.317
1.323
1.311
1.3
1.287
1.269
1.248
1.222
1.192
1.153
1.134
1.122
1.113
1.105
1.086
1.053
1.022
1.027
1.043
1.016
0.933
0.935
0.964
0.941
0.876
0.834
0.787
0.808
0.833
0.754
0.702
0.707
0.677
0.692
0.716
0.711
0.653
0.597
0.549
0.604
0.652
0.589
0.593
0.523
0.416
0.511
0.538
0.474
0.399
0.331
0.224
0.16
0.153
0.185
0.146
