250.87
245.2
320.99
354.85
307.34
268.03
248.14
290.19
301.19
310.28
341.67
305.71
237.83
284.41
304.51
458.5
556.89
599.92
595.39
574.23
572.61
611.95
619.4
638.08
643.69
658.5
639.54
623.43
636.04
632.11
634.62
623.44
571.93
511.39
555.02
655.71
690.13
711.02
676.09
669.02
707.31
735.34
712.57
748.81
811.65
833.18
838.38
827.2
847.13
857.84
849.89
855.23
856.13
825.15
818.41
878.86
891.65
888.18
902.5
898.35
906.09
912.71
907.18
914.58
918.85
905.3
850.69
827.98
879.6
897.81
898.44
934.98
946.72
929.77
904.09
887.44
902.03
912.5
925.36
918.45
924.52
898.44
848.91
843.55
818.16
845.7
891.09
931.52
940.79
917.91
881.06
922.46
936.1
912.4
920.65
940.14
917.02
908.64
896.77
905
914.54
941.04
941.18
938.44
940
939
943.44
928.67
868.19
846.21
905.28
923.27
923.32
923.99
915.65
900.32
905.16
918.6
912.2
905.47
882.58
871.16
904.12
927.19
922.06
906.98
854.39
862.06
897.64
899.34
902.98
913.02
913.46
904.19
898.32
908.44
907.07
902.42
892.68
885.15
882.02
871.18
837.99
857.97
887.52
889.04
880.95
873.24
869.89
867.46
868.96
872.19
870.46
873.31
883.47
880.13
871.17
868.93
858.41
856.15
849.19
840.45
847.6
862.8
847.32
792.15
798.03
846.49
865.43
867.35
866.04
868.34
866.44
864.55
857.97
856.18
857.43
858.09
859.07
857.55
854.66
849.01
829.67
752.36
711.56
746.01
780.89
797.76
807.24
816.4
809.55
798.39
799.37
811.57
816.69
815.88
813.49
807.13
801.64
805.62
784.02
725.52
694.33
726.82
742.31
719.93
716.75
716.95
722.21
735.07
759.65
769.33
768.95
773.28
774.43
774.99
777.57
778.8
776.46
774.14
774.17
773.46
771.03
767.84
755.2
641.14
409.11
394.86
452.44
568.95
673.81
718.67
731.92
735.57
735.12
733.26
730.49
730.44
727.17
723.66
721.47
718.98
711.61
704.26
699.59
696.95
697.51
697.45
699.33
695.3
690.75
688.52
689.99
689.1
682.28
671.73
654.83
620.72
593.92
585.99
588.75
614.18
595.26
602.9
626.2
616.75
613.64
616.46
616.55
629.03
639.88
641.16
643.05
646.59
645.61
643.68
638.57
624.79
609.06
607.83
562.87
575.12
622
629.26
624.82
622.9
610.52
562.83
565.85
593.73
607.54
610.66
608.24
604.86
603.14
601.8
595.95
598.88
597.31
594.24
593.76
593.05
586.81
571.21
544.42
512.05
485.62
471.85
486.24
520.33
524.98
485.4
452.44
457.1
472.43
467.32
468.11
472.39
491.62
505.51
497.04
487.76
483.46
457.24
401.17
335.64
267.71
242.76
251.72
283.82
340.86
338.82
313.28
299.12
301.4
311.85
320.54
322.22
323.94
327.94
340.46
346.17
351.61
365.4
378.32
391.43
422.67
452.96
442.91
456.49
476.15
481.81
479.11
471.76
467.77
465.01
460.15
454.94
450.41
445.37
440.17
434.66
427.86
418.79
410.18
405.43
404.25
397.59
389.43
374.94
357.56
334.31
290.32
213.11
165.1
164.69
181.47
210.9
200.03
208.07
245
282.11
302.67
308.24
305.68
303.44
307.71
307.26
301.04
301.43
303.97
306.94
306.95
307.95
307.85
304.93
300.41
292.46
277.82
255.99
248.55
264.47
271.17
275.45
274.33
266.16
254.94
242.54
229.2
218.68
201.81
174.19
163.66
134.09
70.968
19.57
2.256
0.451
1.256
2.407
1.877
2.889
3.659
5.419
7.428
13.33
23.517
36.689
49.217
49.741
51.148
64.522
81.039
102.35
107.73
91.833
87.563
99.198
111.36
131.1
153.2
166.2
172.04
179.44
183.4
187.9
189.44
189.63
189.38
189.19
188.72
187.44
185.2
178.74
171.34
171.14
174.27
175.31
172.55
165.13
161.63
163.73
167.89
168.52
166.84
163.93
160.26
158.31
157.42
156.67
153.97
151.78
151.04
149.11
147.35
145.31
143.27
141.03
138.04
136.07
133.69
129.91
127.26
123.25
121.05
119.42
118.64
115.77
110.82
105.43
97.502
88.794
81.3
70.078
54.546
37.468
25.017
15.312
8.535
5.291
2.157
0.436
0.305
0.384
0.296
0.345
0.508
0.429
0.659
1.297
1.792
1.843
1.48
0.712
0.621
1.596
3.252
4.365
6.029
9.561
14.276
17.837
18.897
21.24
30.676
42.836
53.841
61.948
65.6
62.621
46.528
25.925
21.362
24.309
34.146
50.33
62.733
67.706
65.966
58.696
48.575
47.214
48.373
49.977
55.936
61.91
64.158
65.445
65.959
66.145
66.406
65.737
64.954
64.71
65
65.07
64.57
63.16
61.264
60.369
58.506
58.297
58.802
58.046
56.999
57.1
55.143
53.773
55.234
55.915
55.386
54.878
54.203
53.386
52.564
51.612
50.785
49.586
48.654
48.11
47.605
47.242
46.604
45.288
43.801
43.733
44.986
44.727
40.836
41.299
42.789
41.57
38.703
36.87
35.013
36.349
37.89
34.282
31.777
32.546
31.559
32.277
33.391
33.449
31.012
28.498
26.334
28.934
31.22
28.313
28.649
25.382
20.307
24.946
26.325
23.329
19.744
16.465
11.151
7.961
7.691
9.551
7.775
