0.37312
0.37483
0.37654
0.37825
0.37996
0.38167
0.38338
0.38508
0.38679
0.3885
0.39021
0.39192
0.39363
0.39534
0.39705
0.39876
0.40047
0.40218
0.40389
0.4056
0.40731
0.40901
0.41072
0.41243
0.41414
0.41585
0.41756
0.41927
0.42098
0.42269
0.4244
0.42611
0.42782
0.42953
0.43125
0.43296
0.43467
0.43638
0.43809
0.4398
0.44151
0.44322
0.44493
0.44664
0.44835
0.45006
0.45177
0.45348
0.4552
0.45691
0.45862
0.46033
0.46204
0.46375
0.46546
0.46717
0.46889
0.4706
0.47231
0.47402
0.47573
0.47744
0.47916
0.48087
0.48258
0.48429
0.486
0.48772
0.48943
0.49114
0.49285
0.49456
0.49628
0.49799
0.4997
0.50141
0.50313
0.50484
0.50655
0.50826
0.50998
0.51169
0.5134
0.51511
0.51683
0.51854
0.52025
0.52197
0.52368
0.52539
0.52711
0.52882
0.53053
0.53225
0.53396
0.53567
0.53739
0.5391
0.54081
0.54253
0.54424
0.54595
0.54767
0.54938
0.5511
0.55281
0.55452
0.55624
0.55795
0.55967
0.56138
0.5631
0.56481
0.56652
0.56824
0.56995
0.57167
0.57338
0.5751
0.57681
0.57853
0.58024
0.58196
0.58367
0.58539
0.5871
0.58882
0.59053
0.59225
0.59396
0.59568
0.59739
0.59911
0.60082
0.60254
0.60425
0.60597
0.60769
0.6094
0.61112
0.61283
0.61455
0.61626
0.61798
0.6197
0.62141
0.62313
0.62485
0.62656
0.62828
0.62999
0.63171
0.63343
0.63514
0.63686
0.63858
0.64029
0.64201
0.64373
0.64544
0.64716
0.64888
0.65059
0.65231
0.65403
0.65574
0.65746
0.65918
0.6609
0.66261
0.66433
0.66605
0.66777
0.66948
0.6712
0.67292
0.67464
0.67635
0.67807
0.67979
0.68151
0.68323
0.68494
0.68666
0.68838
0.6901
0.69182
0.69353
0.69525
0.69697
0.69869
0.70041
0.70213
0.70384
0.70556
0.70728
0.709
0.71072
0.71244
0.71416
0.71588
0.71759
0.71931
0.72103
0.72275
0.72447
0.72619
0.72791
0.72963
0.73135
0.73307
0.73479
0.73651
0.73823
0.73995
0.74167
0.74339
0.7451
0.74682
0.74854
0.75026
0.75198
0.7537
0.75542
0.75714
0.75887
0.76059
0.76231
0.76403
0.76575
0.76747
0.76919
0.77091
0.77263
0.77435
0.77607
0.77779
0.77951
0.78123
0.78295
0.78467
0.7864
0.78812
0.78984
0.79156
0.79328
0.795
0.79672
0.79844
0.80017
0.80189
0.80361
0.80533
0.80705
0.80877
0.81049
0.81222
0.81394
0.81566
0.81738
0.8191
0.82083
0.82255
0.82427
0.82599
0.82772
0.82944
0.83116
0.83288
0.8346
0.83633
0.83805
0.83977
0.84149
0.84322
0.84494
0.84666
0.84839
0.85011
0.85183
0.85356
0.85528
0.857
0.85872
0.86045
0.86217
0.86389
0.86562
0.86734
0.86906
0.87079
0.87251
0.87424
0.87596
0.87768
0.87941
0.88113
0.88285
0.88458
0.8863
0.88803
0.88975
0.89147
0.8932
0.89492
0.89665
0.89837
0.9001
0.90182
0.90355
0.90527
0.90699
0.90872
0.91044
0.91217
0.91389
0.91562
0.91734
0.91907
0.92079
0.92252
0.92424
0.92597
0.92769
0.92942
0.93114
0.93287
0.9346
0.93632
0.93805
0.93977
0.9415
0.94322
0.94495
0.94668
0.9484
0.95013
0.95185
0.95358
0.95531
0.95703
0.95876
0.96048
0.96221
0.96394
0.96566
0.96739
0.96912
0.97517
0.98085
0.98652
0.9922
0.99787
1.0035
1.0092
1.0149
1.0206
1.0262
1.0319
1.0376
1.0433
1.0489
1.0546
1.0603
1.0659
1.0716
1.0773
1.0829
1.0886
1.0942
1.0999
1.1056
1.1112
1.1169
1.1226
1.1282
1.1339
1.1395
1.1452
1.1508
1.1565
1.1622
1.1678
1.1735
1.1791
1.1848
1.1904
1.1961
1.2017
1.2074
1.213
1.2187
1.2243
1.23
1.2356
1.2413
1.2469
1.2526
1.2582
1.2638
1.2695
1.2751
1.2808
1.2864
1.292
1.2977
1.3033
1.309
1.3146
1.3202
1.3259
1.3315
1.3371
1.3428
1.3484
1.354
1.3597
1.3653
1.3709
1.3765
1.3822
1.3878
1.3934
1.3991
1.4047
1.4103
1.4159
1.4216
1.4272
1.4328
1.4384
1.444
1.4497
1.4553
1.4609
1.4665
1.4721
1.4777
1.4834
1.489
1.4946
1.5002
1.5058
1.5114
1.5171
1.5227
1.5283
1.5339
1.5395
1.5451
1.5507
1.5563
1.5619
1.5675
1.5731
1.5787
1.5843
1.5899
1.5955
1.6011
1.6067
1.6123
1.6179
1.6235
1.6291
1.6347
1.6403
1.6459
1.6515
1.6571
1.6627
1.6683
1.6739
1.6795
1.6851
1.6907
1.6963
1.7019
1.7074
1.713
1.7186
1.7242
1.7298
1.7354
1.741
1.7465
1.7521
1.7577
1.7633
1.7689
1.7745
1.78
1.7856
1.7912
1.7968
1.8023
1.8079
1.8135
1.8191
1.8246
1.8302
1.8358
1.8414
1.8469
1.8525
1.8581
1.8636
1.8692
1.8748
1.8803
1.8859
1.8915
1.897
1.9026
1.9082
1.9137
1.9193
1.9248
1.9304
1.936
1.9415
1.9471
1.9527
1.9582
1.9638
1.9693
1.9749
1.9804
1.986
1.9915
1.9971
2.0026
2.0082
2.0137
2.0193
2.0248
2.0304
2.0359
2.0415
2.047
2.0526
2.0581
2.0637
2.0692
2.0747
2.0803
2.0858
2.0914
2.0969
2.1025
2.108
2.1135
2.1191
2.1246
2.1301
2.1357
2.1412
2.1467
2.1523
2.1578
2.1633
2.1689
2.1744
2.1799
2.1855
2.191
2.1965
2.202
2.2076
2.2131
2.2186
2.2241
2.2297
2.2352
2.2407
2.2462
2.2518
2.2573
2.2628
2.2683
2.2738
2.2794
2.2849
2.2904
2.2959
2.3014
2.3069
2.3124
2.318
2.3235
2.329
2.3345
2.34
2.3455
2.351
2.3565
2.362
2.3675
2.373
2.3786
2.384
2.3895
2.3951
2.4006
2.4061
2.4116
2.4171
2.4226
2.4281
2.4336
2.439
2.4446
2.4501
2.4555
2.461
2.4665
2.472
2.4775
2.483
2.4885
2.494
2.4995
2.505
