400,0.076343,0.099832,0.064598
401,0.076875,0.10053,0.065048
402,0.077407,0.10122,0.065498
403,0.077884,0.10185,0.065902
404,0.078361,0.10247,0.066306
405,0.079004,0.10331,0.06685
406,0.079647,0.10415,0.067394
407,0.07987,0.10445,0.067582
408,0.080093,0.10474,0.067771
409,0.081408,0.10646,0.068884
410,0.082723,0.10818,0.069996
411,0.082708,0.10816,0.069984
412,0.082693,0.10814,0.069971
413,0.083519,0.10922,0.07067
414,0.084345,0.1103,0.071369
415,0.085166,0.11137,0.072064
416,0.085987,0.11244,0.072758
417,0.086335,0.1129,0.073053
418,0.086683,0.11335,0.073347
419,0.087131,0.11394,0.073726
420,0.08758,0.11453,0.074106
421,0.088477,0.1157,0.074865
422,0.089374,0.11687,0.075624
423,0.089762,0.11738,0.075953
424,0.090151,0.11789,0.076282
425,0.091099,0.11913,0.077084
426,0.092047,0.12037,0.077886
427,0.092596,0.12109,0.078351
428,0.093146,0.12181,0.078816
429,0.094366,0.1234,0.079848
430,0.095585,0.125,0.08088
431,0.095458,0.12483,0.080772
432,0.095332,0.12466,0.080665
433,0.096515,0.12621,0.081666
434,0.097698,0.12776,0.082667
435,0.097626,0.12766,0.082607
436,0.097555,0.12757,0.082546
437,0.098624,0.12897,0.083451
438,0.099693,0.13037,0.084356
439,0.10037,0.13126,0.084932
440,0.10106,0.13215,0.085509
441,0.10189,0.13324,0.086213
442,0.10272,0.13433,0.086917
443,0.10294,0.13462,0.087105
444,0.10317,0.13491,0.087294
445,0.10389,0.13586,0.087907
446,0.10461,0.1368,0.08852
447,0.10564,0.13814,0.089384
448,0.10666,0.13947,0.090247
449,0.10653,0.13931,0.09014
450,0.1064,0.13914,0.090033
451,0.10775,0.1409,0.091172
452,0.10909,0.14266,0.092311
453,0.10958,0.14329,0.092719
454,0.11006,0.14392,0.093127
455,0.11074,0.14481,0.093702
456,0.11142,0.1457,0.094277
457,0.11197,0.14642,0.094742
458,0.11252,0.14714,0.095207
459,0.11309,0.14789,0.095691
460,0.11366,0.14863,0.096175
461,0.11447,0.1497,0.096862
462,0.11528,0.15076,0.097548
463,0.11589,0.15155,0.098062
464,0.1165,0.15234,0.098575
465,0.11701,0.15301,0.099009
466,0.11752,0.15369,0.099443
467,0.11831,0.15472,0.10011
468,0.1191,0.15575,0.10078
469,0.11971,0.15654,0.10129
470,0.12031,0.15733,0.1018
471,0.12056,0.15765,0.10201
472,0.12081,0.15798,0.10222
473,0.12163,0.15905,0.10292
474,0.12245,0.16013,0.10361
475,0.1231,0.16098,0.10417
476,0.12376,0.16184,0.10472
477,0.12457,0.1629,0.10541
478,0.12538,0.16396,0.10609
479,0.12546,0.16407,0.10616
480,0.12554,0.16417,0.10623
481,0.12636,0.16523,0.10692
482,0.12717,0.1663,0.1076
483,0.12779,0.16711,0.10813
484,0.12841,0.16792,0.10866
485,0.12925,0.16901,0.10936
486,0.13008,0.1701,0.11007
487,0.13051,0.17066,0.11043
488,0.13094,0.17122,0.11079
489,0.13165,0.17216,0.1114
490,0.13237,0.17309,0.112
491,0.13286,0.17374,0.11242
492,0.13335,0.17439,0.11284
493,0.13402,0.17526,0.1134
494,0.13469,0.17614,0.11397
495,0.13535,0.177,0.11453
496,0.13601,0.17785,0.11508
497,0.13641,0.17838,0.11542
498,0.13681,0.17891,0.11576
499,0.13763,0.17998,0.11646
500,0.13845,0.18105,0.11715
501,0.13888,0.18161,0.11751
502,0.13931,0.18217,0.11788
503,0.13984,0.18287,0.11833
504,0.14037,0.18357,0.11878
505,0.14123,0.18469,0.1195
506,0.14209,0.18581,0.12023
507,0.14271,0.18662,0.12075
508,0.14333,0.18743,0.12128
509,0.14399,0.1883,0.12184
510,0.14466,0.18918,0.12241
511,0.14509,0.18973,0.12277
512,0.14551,0.19028,0.12312
513,0.14611,0.19106,0.12363
514,0.14671,0.19185,0.12414
515,0.14765,0.19308,0.12493
516,0.14859,0.19431,0.12573
517,0.1489,0.19471,0.12599
518,0.1492,0.19511,0.12625
519,0.15003,0.19619,0.12695
520,0.15085,0.19727,0.12764
521,0.15144,0.19804,0.12814
522,0.15204,0.19881,0.12865
523,0.15249,0.19941,0.12903
524,0.15295,0.20001,0.12942
525,0.15355,0.2008,0.12993
526,0.15415,0.20159,0.13044
527,0.15463,0.20221,0.13084
528,0.1551,0.20283,0.13124
529,0.15588,0.20385,0.1319
530,0.15666,0.20487,0.13256
531,0.15725,0.20564,0.13306
532,0.15785,0.20641,0.13356
533,0.15851,0.20728,0.13412
534,0.15917,0.20815,0.13468
535,0.15942,0.20847,0.13489
536,0.15967,0.20879,0.1351
537,0.16067,0.2101,0.13595
538,0.16167,0.21141,0.1368
539,0.16207,0.21194,0.13714
540,0.16247,0.21247,0.13748
541,0.16344,0.21372,0.13829
542,0.1644,0.21498,0.13911
543,0.16485,0.21557,0.13949
544,0.1653,0.21616,0.13987
545,0.16561,0.21656,0.14013
546,0.16592,0.21697,0.14039
547,0.16668,0.21797,0.14104
548,0.16744,0.21896,0.14168
549,0.16807,0.21978,0.14221
550,0.1687,0.22061,0.14275
551,0.16997,0.22227,0.14382
552,0.17124,0.22392,0.14489
553,0.17122,0.2239,0.14488
554,0.1712,0.22387,0.14486
555,0.17187,0.22475,0.14543
556,0.17254,0.22562,0.14599
557,0.1735,0.22688,0.14681
558,0.17446,0.22814,0.14762
559,0.17469,0.22845,0.14782
560,0.17493,0.22875,0.14802
561,0.17562,0.22966,0.1486
562,0.17632,0.23057,0.14919
563,0.17729,0.23185,0.15002
564,0.17827,0.23312,0.15084
565,0.1785,0.23343,0.15104
566,0.17874,0.23373,0.15124
567,0.17978,0.23509,0.15212
568,0.18082,0.23645,0.153
569,0.18164,0.23752,0.15369
570,0.18246,0.2386,0.15439
571,0.18263,0.23882,0.15453
572,0.18281,0.23905,0.15468
573,0.18342,0.23985,0.1552
574,0.18403,0.24065,0.15572
575,0.18454,0.24132,0.15615
576,0.18506,0.24199,0.15659
577,0.18615,0.24343,0.15751
578,0.18725,0.24487,0.15844
579,0.18797,0.24581,0.15905
580,0.1887,0.24676,0.15967
581,0.18892,0.24705,0.15986
582,0.18915,0.24735,0.16005
583,0.18966,0.24802,0.16048
584,0.19018,0.24869,0.16092
585,0.19068,0.24935,0.16134
586,0.19118,0.25,0.16177
587,0.19251,0.25174,0.16289
588,0.19384,0.25349,0.16402
589,0.19415,0.25389,0.16428
590,0.19445,0.25429,0.16454
591,0.19487,0.25483,0.16489
592,0.19529,0.25537,0.16524
593,0.19585,0.25611,0.16572
594,0.19642,0.25685,0.1662
595,0.19709,0.25774,0.16677
596,0.19777,0.25862,0.16734
597,0.1984,0.25945,0.16788
598,0.19903,0.26027,0.16841
599,0.19975,0.26121,0.16902
600,0.20047,0.26216,0.16963
601,0.20137,0.26333,0.17039
602,0.20227,0.2645,0.17115
603,0.2027,0.26506,0.17151
604,0.20313,0.26563,0.17188
605,0.2034,0.26599,0.17211
606,0.20368,0.26636,0.17235
607,0.20442,0.26732,0.17297
608,0.20515,0.26828,0.17359
609,0.206,0.26938,0.17431
610,0.20684,0.27049,0.17502
611,0.20767,0.27157,0.17572
612,0.20849,0.27265,0.17642
613,0.20895,0.27324,0.1768
614,0.2094,0.27384,0.17719
615,0.21002,0.27464,0.17771
616,0.21064,0.27545,0.17823
617,0.21104,0.27597,0.17857
618,0.21143,0.27649,0.1789
619,0.21189,0.27709,0.17929
620,0.21235,0.27769,0.17969
621,0.21376,0.27953,0.18087
622,0.21516,0.28137,0.18206
623,0.21574,0.28212,0.18255
624,0.21632,0.28288,0.18304
625,0.21698,0.28374,0.1836
626,0.21763,0.2846,0.18415
627,0.21835,0.28554,0.18476
628,0.21908,0.28648,0.18537
629,0.21932,0.28681,0.18558
630,0.21957,0.28713,0.18579
631,0.22025,0.28801,0.18636
632,0.22092,0.2889,0.18693
633,0.22238,0.2908,0.18817
634,0.22383,0.29271,0.1894
635,0.22399,0.29291,0.18953
636,0.22415,0.29311,0.18966
637,0.22502,0.29426,0.1904
638,0.2259,0.29541,0.19115
639,0.22676,0.29653,0.19187
640,0.22762,0.29765,0.1926
641,0.22758,0.2976,0.19257
642,0.22754,0.29755,0.19253
643,0.22844,0.29873,0.1933
644,0.22935,0.29991,0.19406
645,0.23038,0.30127,0.19494
646,0.23141,0.30262,0.19581
647,0.23225,0.30371,0.19652
648,0.23309,0.30481,0.19723
649,0.23304,0.30474,0.19719
650,0.23299,0.30467,0.19714
651,0.23429,0.30638,0.19825
652,0.2356,0.30809,0.19935
653,0.23603,0.30866,0.19972
654,0.23647,0.30923,0.20009
655,0.238,0.31123,0.20138
656,0.23953,0.31322,0.20268
657,0.23953,0.31322,0.20268
658,0.23953,0.31322,0.20268
659,0.24042,0.3144,0.20343
660,0.24132,0.31557,0.20419
661,0.24257,0.3172,0.20525
662,0.24382,0.31883,0.20631
663,0.24385,0.31889,0.20634
664,0.24389,0.31894,0.20637
665,0.2441,0.31921,0.20655
666,0.24431,0.31948,0.20672
667,0.24562,0.32119,0.20783
668,0.24692,0.3229,0.20893
669,0.24721,0.32328,0.20918
670,0.24751,0.32366,0.20943
671,0.24886,0.32543,0.21057
672,0.25021,0.3272,0.21172
673,0.25114,0.32841,0.2125
674,0.25207,0.32963,0.21329
675,0.25187,0.32937,0.21312
676,0.25168,0.32912,0.21296
677,0.25213,0.32971,0.21334
678,0.25258,0.33029,0.21372
679,0.2538,0.33189,0.21475
680,0.25502,0.33349,0.21579
681,0.25539,0.33397,0.2161
682,0.25576,0.33446,0.21641
683,0.25679,0.3358,0.21728
684,0.25782,0.33714,0.21815
685,0.25878,0.33841,0.21897
686,0.25975,0.33968,0.21979
687,0.2603,0.34039,0.22025
688,0.26084,0.3411,0.22072
689,0.26198,0.34258,0.22167
690,0.26311,0.34406,0.22263
691,0.26436,0.3457,0.22369
692,0.26562,0.34734,0.22475
693,0.26494,0.34646,0.22418
694,0.26426,0.34558,0.22361
695,0.26507,0.34663,0.22429
696,0.26588,0.34768,0.22497
697,0.2668,0.34889,0.22575
698,0.26772,0.3501,0.22653
699,0.2691,0.3519,0.2277
700,0.27048,0.3537,0.22887
701,0.2698,0.35282,0.22829
702,0.26913,0.35193,0.22772
703,0.26927,0.35212,0.22784
704,0.26941,0.35231,0.22796
705,0.27099,0.35437,0.2293
706,0.27257,0.35644,0.23064
707,0.27279,0.35672,0.23082
708,0.273,0.357,0.231
709,0.27365,0.35785,0.23155
710,0.2743,0.3587,0.2321
711,0.27434,0.35875,0.23213
712,0.27438,0.3588,0.23217
713,0.27485,0.35941,0.23256
714,0.27531,0.36003,0.23296
715,0.27607,0.36101,0.2336
716,0.27682,0.362,0.23423
717,0.27834,0.36399,0.23552
718,0.27986,0.36598,0.23681
719,0.28012,0.36632,0.23703
720,0.28038,0.36666,0.23725
721,0.28065,0.367,0.23747
722,0.28092,0.36735,0.2377
723,0.28199,0.36876,0.23861
724,0.28306,0.37016,0.23951
725,0.28365,0.37093,0.24001
726,0.28425,0.37171,0.24052
727,0.28509,0.37281,0.24123
728,0.28593,0.37392,0.24195
729,0.28657,0.37475,0.24248
730,0.28721,0.37558,0.24302
731,0.28719,0.37556,0.24301
732,0.28717,0.37553,0.24299
733,0.28822,0.37691,0.24388
734,0.28928,0.37828,0.24477
735,0.28961,0.37873,0.24506
736,0.28995,0.37917,0.24534
737,0.2917,0.38145,0.24682
738,0.29345,0.38374,0.2483
739,0.29261,0.38264,0.24759
740,0.29177,0.38155,0.24688
741,0.29397,0.38442,0.24874
742,0.29617,0.38729,0.2506
743,0.29494,0.3857,0.24957
744,0.29372,0.3841,0.24853
745,0.29522,0.38605,0.2498
746,0.29671,0.38801,0.25106
747,0.29726,0.38873,0.25153
748,0.29782,0.38945,0.252
749,0.29862,0.3905,0.25268
750,0.29942,0.39154,0.25335
751,0.2991,0.39113,0.25308
752,0.29878,0.39071,0.25281
753,0.29927,0.39136,0.25323
754,0.29977,0.392,0.25365
755,0.30005,0.39237,0.25389
756,0.30033,0.39273,0.25412
757,0.29994,0.39223,0.2538
758,0.29956,0.39173,0.25347
759,0.30228,0.39529,0.25578
760,0.30501,0.39885,0.25808
761,0.30397,0.3975,0.25721
762,0.30294,0.39615,0.25633
763,0.30603,0.4002,0.25895
764,0.30913,0.40424,0.26157
765,0.30821,0.40304,0.26079
766,0.30729,0.40185,0.26002
767,0.30788,0.40261,0.26051
768,0.30846,0.40338,0.26101
769,0.30761,0.40225,0.26028
770,0.30675,0.40113,0.25956
771,0.30801,0.40278,0.26062
772,0.30927,0.40443,0.26169
773,0.31006,0.40547,0.26236
774,0.31086,0.4065,0.26303
775,0.31054,0.4061,0.26277
776,0.31023,0.40569,0.2625
777,0.31409,0.41073,0.26577
778,0.31794,0.41577,0.26903
779,0.31569,0.41283,0.26712
780,0.31344,0.40989,0.26522
781,0.31493,0.41183,0.26648
782,0.31642,0.41378,0.26774
783,0.31649,0.41387,0.2678
784,0.31656,0.41397,0.26786
785,0.31906,0.41723,0.26997
786,0.32155,0.42049,0.27209
787,0.3192,0.41742,0.27009
788,0.31685,0.41434,0.2681
789,0.31735,0.415,0.26853
790,0.31785,0.41565,0.26895
791,0.32047,0.41908,0.27117
792,0.32309,0.4225,0.27338
793,0.32131,0.42018,0.27188
794,0.31954,0.41786,0.27038
795,0.32142,0.42032,0.27197
796,0.3233,0.42277,0.27356
797,0.32349,0.42303,0.27372
798,0.32369,0.42328,0.27389
799,0.32362,0.42319,0.27383
800,0.32354,0.4231,0.27377
801,0.32608,0.42641,0.27591
802,0.32861,0.42973,0.27806
803,0.32839,0.42944,0.27787
804,0.32817,0.42915,0.27768
805,0.32784,0.42871,0.2774
806,0.32751,0.42828,0.27712
807,0.32927,0.43058,0.27861
808,0.33103,0.43289,0.2801
809,0.33056,0.43228,0.27971
810,0.3301,0.43166,0.27931
811,0.33117,0.43307,0.28022
812,0.33224,0.43447,0.28113
813,0.33171,0.43378,0.28068
814,0.33119,0.43309,0.28024
815,0.3314,0.43336,0.28041
816,0.3316,0.43364,0.28059
817,0.33234,0.4346,0.28121
818,0.33307,0.43556,0.28183
819,0.3338,0.43651,0.28245
820,0.33453,0.43746,0.28306
821,0.33443,0.43733,0.28298
822,0.33433,0.43721,0.2829
823,0.33591,0.43926,0.28423
824,0.33748,0.44132,0.28556
825,0.33904,0.44336,0.28688
826,0.3406,0.4454,0.2882
827,0.33958,0.44407,0.28734
828,0.33856,0.44273,0.28647
829,0.34011,0.44475,0.28778
830,0.34165,0.44678,0.28909
831,0.34077,0.44562,0.28834
832,0.33989,0.44447,0.2876
833,0.342,0.44724,0.28939
834,0.34412,0.45001,0.29118
835,0.34209,0.44736,0.28947
836,0.34007,0.4447,0.28775
837,0.33896,0.44326,0.28681
838,0.33786,0.44181,0.28588
839,0.34191,0.44711,0.28931
840,0.34596,0.4524,0.29273
841,0.34531,0.45155,0.29218
842,0.34466,0.4507,0.29163
843,0.34549,0.45179,0.29234
844,0.34632,0.45288,0.29304
845,0.34533,0.45158,0.2922
846,0.34433,0.45028,0.29136
847,0.3451,0.45129,0.29201
848,0.34588,0.4523,0.29267
849,0.3454,0.45167,0.29226
850,0.34492,0.45104,0.29185
851,0.34355,0.44926,0.2907
852,0.34219,0.44747,0.28954
853,0.34562,0.45196,0.29245
854,0.34905,0.45645,0.29535
855,0.34877,0.45608,0.29511
856,0.34849,0.45572,0.29488
857,0.34872,0.45602,0.29507
858,0.34895,0.45631,0.29526
859,0.35051,0.45835,0.29658
860,0.35207,0.46039,0.2979
861,0.35034,0.45814,0.29644
862,0.34862,0.45589,0.29499
863,0.34716,0.45398,0.29375
864,0.3457,0.45206,0.29251
865,0.3493,0.45677,0.29556
866,0.3529,0.46148,0.29861
867,0.3538,0.46265,0.29937
868,0.35469,0.46383,0.30012
869,0.35157,0.45974,0.29748
870,0.34844,0.45565,0.29483
871,0.34936,0.45685,0.29561
872,0.35027,0.45805,0.29638
873,0.35026,0.45803,0.29637
874,0.35025,0.45801,0.29636
875,0.34829,0.45546,0.29471
876,0.34633,0.4529,0.29305
877,0.35175,0.45998,0.29763
878,0.35716,0.46706,0.30221
879,0.355,0.46423,0.30038
880,0.35283,0.4614,0.29855
881,0.35283,0.4614,0.29855
882,0.35283,0.4614,0.29855
883,0.35775,0.46782,0.30271
884,0.36266,0.47425,0.30687
885,0.35803,0.4682,0.30295
886,0.3534,0.46214,0.29904
887,0.35214,0.46049,0.29796
888,0.35087,0.45883,0.29689
889,0.35236,0.46078,0.29815
890,0.35385,0.46272,0.29941
891,0.35591,0.46542,0.30115
892,0.35797,0.46811,0.3029
893,0.3527,0.46122,0.29844
894,0.34742,0.45432,0.29397
895,0.3499,0.45755,0.29607
896,0.35237,0.46079,0.29816
897,0.35064,0.45853,0.2967
898,0.34892,0.45628,0.29524
899,0.34957,0.45713,0.29579
900,0.35022,0.45798,0.29634
901,0.2752,0.2111,0.1875
902,0.2754,0.2112,0.1876
903,0.2756,0.2114,0.1877
904,0.2758,0.2115,0.1879
905,0.276,0.2117,0.188
906,0.2762,0.2118,0.1881
907,0.2764,0.212,0.1882
908,0.2766,0.2121,0.1884
909,0.2768,0.2123,0.1885
910,0.277,0.2125,0.1887
911,0.2772,0.2126,0.1888
912,0.2775,0.2128,0.189
913,0.2778,0.2131,0.1892
914,0.2781,0.2133,0.1894
915,0.2784,0.2135,0.1896
916,0.2787,0.2138,0.1898
917,0.279,0.214,0.1901
918,0.2793,0.2143,0.1903
919,0.2797,0.2145,0.1905
920,0.28,0.2148,0.1907
921,0.2803,0.215,0.191
922,0.2807,0.2153,0.1912
923,0.281,0.2155,0.1914
924,0.2813,0.2158,0.1916
925,0.2816,0.216,0.1918
926,0.2819,0.2162,0.192
927,0.2822,0.2165,0.1922
928,0.2825,0.2167,0.1924
929,0.2827,0.2169,0.1926
930,0.283,0.2171,0.1928
931,0.2832,0.2173,0.1929
932,0.2835,0.2174,0.1931
933,0.2837,0.2176,0.1932
934,0.2839,0.2178,0.1934
935,0.2841,0.2179,0.1935
936,0.2843,0.2181,0.1936
937,0.2845,0.2182,0.1937
938,0.2846,0.2183,0.1939
939,0.2848,0.2185,0.194
940,0.285,0.2186,0.1941
941,0.2852,0.2187,0.1942
942,0.2854,0.2189,0.1943
943,0.2855,0.219,0.1944
944,0.2857,0.2192,0.1946
945,0.2859,0.2193,0.1947
946,0.2861,0.2195,0.1948
947,0.2863,0.2196,0.195
948,0.2865,0.2198,0.1951
949,0.2868,0.22,0.1953
950,0.287,0.2201,0.1954
951,0.2873,0.2203,0.1956
952,0.2875,0.2205,0.1957
953,0.2878,0.2207,0.1959
954,0.2881,0.221,0.1961
955,0.2884,0.2212,0.1963
956,0.2887,0.2214,0.1965
957,0.289,0.2217,0.1967
958,0.2893,0.2219,0.1969
959,0.2897,0.2222,0.1971
960,0.29,0.2224,0.1973
961,0.2903,0.2227,0.1976
962,0.2907,0.223,0.1978
963,0.291,0.2232,0.198
964,0.2914,0.2235,0.1983
965,0.2917,0.2237,0.1985
966,0.292,0.224,0.1987
967,0.2923,0.2242,0.1989
968,0.2926,0.2244,0.1991
969,0.2928,0.2246,0.1992
970,0.293,0.2247,0.1994
971,0.2932,0.2249,0.1995
972,0.2933,0.2249,0.1996
973,0.2934,0.225,0.1996
974,0.2934,0.2251,0.1997
975,0.2935,0.2251,0.1997
976,0.2936,0.2252,0.1998
977,0.2936,0.2252,0.1998
978,0.2937,0.2253,0.1999
979,0.2939,0.2254,0.2
980,0.294,0.2255,0.2001
981,0.2942,0.2257,0.2002
982,0.2944,0.2258,0.2004
983,0.2947,0.2261,0.2006
984,0.295,0.2263,0.2008
985,0.2953,0.2265,0.201
986,0.2956,0.2268,0.2012
987,0.2959,0.2271,0.2015
988,0.2963,0.2273,0.2017
989,0.2966,0.2276,0.202
990,0.297,0.2279,0.2022
991,0.2973,0.2282,0.2025
992,0.2977,0.2284,0.2027
993,0.298,0.2287,0.203
994,0.2983,0.229,0.2032
995,0.2987,0.2292,0.2034
996,0.299,0.2295,0.2037
997,0.2992,0.2297,0.2039
998,0.2995,0.2299,0.2041
999,0.2998,0.2301,0.2043
1000,0.3,0.2303,0.2044
1001,0.3002,0.2305,0.2046
1002,0.3004,0.2306,0.2048
1003,0.3006,0.2308,0.2049
1004,0.3008,0.2309,0.205
1005,0.301,0.2311,0.2052
1006,0.3012,0.2312,0.2053
1007,0.3013,0.2314,0.2055
1008,0.3015,0.2316,0.2056
1009,0.3018,0.2317,0.2058
1010,0.302,0.2319,0.206
1011,0.3023,0.2321,0.2062
1012,0.3025,0.2324,0.2064
1013,0.3028,0.2326,0.2066
1014,0.3031,0.2328,0.2068
1015,0.3035,0.2331,0.207
1016,0.3038,0.2334,0.2073
1017,0.3041,0.2336,0.2075
1018,0.3044,0.2339,0.2078
1019,0.3047,0.2341,0.208
1020,0.305,0.2343,0.2082
1021,0.3053,0.2346,0.2084
1022,0.3055,0.2348,0.2086
1023,0.3058,0.235,0.2088
1024,0.306,0.2351,0.2089
1025,0.3062,0.2353,0.2091
1026,0.3064,0.2355,0.2092
1027,0.3066,0.2356,0.2094
1028,0.3067,0.2358,0.2095
1029,0.3069,0.2359,0.2096
1030,0.307,0.236,0.2097
1031,0.3071,0.2361,0.2098
1032,0.3072,0.2362,0.2099
1033,0.3073,0.2363,0.21
1034,0.3074,0.2363,0.2101
1035,0.3075,0.2364,0.2101
1036,0.3076,0.2365,0.2102
1037,0.3077,0.2366,0.2103
1038,0.3078,0.2366,0.2103
1039,0.3079,0.2367,0.2104
1040,0.308,0.2368,0.2105
1041,0.3081,0.2369,0.2106
1042,0.3083,0.237,0.2107
1043,0.3084,0.2371,0.2108
1044,0.3086,0.2373,0.2109
1045,0.3088,0.2374,0.2111
1046,0.309,0.2376,0.2112
1047,0.3092,0.2378,0.2114
1048,0.3094,0.238,0.2116
1049,0.3097,0.2382,0.2118
1050,0.31,0.2384,0.212
1051,0.3103,0.2387,0.2122
1052,0.3107,0.239,0.2125
1053,0.311,0.2392,0.2128
1054,0.3114,0.2396,0.213
1055,0.3118,0.2399,0.2133
1056,0.3122,0.2402,0.2136
1057,0.3127,0.2406,0.2139
1058,0.3131,0.2409,0.2143
1059,0.3136,0.2413,0.2146
1060,0.314,0.2416,0.2149
1061,0.3144,0.242,0.2152
1062,0.3149,0.2423,0.2156
1063,0.3153,0.2427,0.2159
1064,0.3158,0.243,0.2162
1065,0.3162,0.2434,0.2165
1066,0.3166,0.2437,0.2168
1067,0.317,0.244,0.2171
1068,0.3174,0.2443,0.2174
1069,0.3177,0.2446,0.2176
1070,0.318,0.2448,0.2178
1071,0.3183,0.2451,0.218
1072,0.3185,0.2453,0.2182
1073,0.3188,0.2455,0.2184
1074,0.319,0.2456,0.2186
1075,0.3191,0.2458,0.2187
1076,0.3193,0.2459,0.2188
1077,0.3195,0.2461,0.219
1078,0.3197,0.2462,0.2191
1079,0.3198,0.2463,0.2192
1080,0.32,0.2465,0.2194
1081,0.3202,0.2466,0.2195
1082,0.3204,0.2468,0.2196
1083,0.3206,0.247,0.2198
1084,0.3208,0.2471,0.2199
1085,0.321,0.2473,0.2201
1086,0.3212,0.2475,0.2202
1087,0.3214,0.2476,0.2204
1088,0.3216,0.2478,0.2206
1089,0.3218,0.248,0.2207
1090,0.322,0.2481,0.2209
1091,0.3222,0.2483,0.221
1092,0.3224,0.2484,0.2211
1093,0.3226,0.2486,0.2213
1094,0.3228,0.2488,0.2214
1095,0.323,0.2489,0.2216
1096,0.3232,0.2491,0.2217
1097,0.3234,0.2492,0.2218
1098,0.3236,0.2494,0.222
1099,0.3238,0.2495,0.2221
1100,0.324,0.2497,0.2223
1101,0.3242,0.2499,0.2224
1102,0.3244,0.25,0.2225
1103,0.3246,0.2502,0.2227
1104,0.3248,0.2503,0.2228
1105,0.325,0.2505,0.223
1106,0.3252,0.2507,0.2231
1107,0.3254,0.2508,0.2233
1108,0.3256,0.251,0.2234
1109,0.3258,0.2511,0.2235
1110,0.326,0.2513,0.2237
1111,0.3262,0.2514,0.2238
1112,0.3264,0.2516,0.2239
1113,0.3265,0.2517,0.224
1114,0.3267,0.2518,0.2242
1115,0.3269,0.252,0.2243
1116,0.3271,0.2521,0.2244
1117,0.3273,0.2523,0.2246
1118,0.3275,0.2525,0.2247
1119,0.3278,0.2527,0.2249
1120,0.328,0.2529,0.2251
1121,0.3283,0.2531,0.2253
1122,0.3286,0.2533,0.2255
1123,0.3289,0.2535,0.2257
1124,0.3292,0.2538,0.2259
1125,0.3295,0.254,0.2261
1126,0.3298,0.2543,0.2264
1127,0.3301,0.2546,0.2266
1128,0.3304,0.2548,0.2268
1129,0.3307,0.255,0.227
1130,0.331,0.2553,0.2272
1131,0.3313,0.2555,0.2274
1132,0.3315,0.2557,0.2275
1133,0.3318,0.2558,0.2277
1134,0.332,0.256,0.2278
1135,0.3322,0.2561,0.2279
1136,0.3324,0.2563,0.228
1137,0.3326,0.2564,0.2281
1138,0.3327,0.2565,0.2281
1139,0.3329,0.2566,0.2282
1140,0.333,0.2567,0.2282
1141,0.3331,0.2567,0.2283
1142,0.3332,0.2568,0.2283
1143,0.3333,0.2568,0.2283
1144,0.3334,0.2569,0.2283
1145,0.3335,0.2569,0.2283
1146,0.3336,0.257,0.2283
1147,0.3337,0.257,0.2282
1148,0.3338,0.257,0.2282
1149,0.3339,0.2571,0.2282
1150,0.334,0.2571,0.2283
1151,0.3341,0.2572,0.2283
1152,0.3342,0.2573,0.2283
1153,0.3344,0.2574,0.2284
1154,0.3345,0.2575,0.2284
1155,0.3347,0.2576,0.2285
1156,0.3349,0.2577,0.2287
1157,0.3351,0.2579,0.2288
1158,0.3354,0.2581,0.229
1159,0.3357,0.2583,0.2291
1160,0.336,0.2586,0.2294
1161,0.3364,0.2588,0.2296
1162,0.3368,0.2591,0.2299
1163,0.3372,0.2595,0.2302
1164,0.3376,0.2598,0.2305
1165,0.338,0.2602,0.2308
1166,0.3385,0.2605,0.2311
1167,0.3389,0.2608,0.2314
1168,0.3393,0.2612,0.2317
1169,0.3397,0.2615,0.232
1170,0.34,0.2617,0.2322
1171,0.3403,0.262,0.2324
1172,0.3406,0.2622,0.2326
1173,0.3408,0.2624,0.2328
1174,0.341,0.2625,0.2329
1175,0.3412,0.2627,0.2331
1176,0.3413,0.2628,0.2332
1177,0.3415,0.263,0.2333
1178,0.3417,0.2631,0.2334
1179,0.3418,0.2632,0.2336
1180,0.342,0.2634,0.2337
1181,0.3422,0.2635,0.2338
1182,0.3424,0.2637,0.234
1183,0.3426,0.2639,0.2341
1184,0.3428,0.2641,0.2343
1185,0.343,0.2642,0.2345
1186,0.3432,0.2644,0.2346
1187,0.3435,0.2646,0.2348
1188,0.3436,0.2648,0.2349
1189,0.3438,0.2649,0.2351
1190,0.344,0.265,0.2352
1191,0.3441,0.2652,0.2353
1192,0.3443,0.2653,0.2354
1193,0.3444,0.2654,0.2355
1194,0.3445,0.2655,0.2356
1195,0.3446,0.2655,0.2357
1196,0.3447,0.2656,0.2357
1197,0.3447,0.2657,0.2358
1198,0.3448,0.2657,0.2359
1199,0.3449,0.2658,0.2359
1200,0.345,0.2659,0.236
1201,0.3451,0.266,0.236
1202,0.3452,0.266,0.2361
1203,0.3453,0.2661,0.2362
1204,0.3454,0.2662,0.2363
1205,0.3455,0.2663,0.2364
1206,0.3456,0.2664,0.2364
1207,0.3457,0.2665,0.2365
1208,0.3458,0.2665,0.2366
1209,0.3459,0.2666,0.2367
1210,0.346,0.2667,0.2367
1211,0.3461,0.2668,0.2368
1212,0.3461,0.2668,0.2368
1213,0.3462,0.2669,0.2369
1214,0.3463,0.2669,0.237
1215,0.3464,0.267,0.237
1216,0.3464,0.2671,0.2371
1217,0.3466,0.2672,0.2372
1218,0.3467,0.2673,0.2373
1219,0.3468,0.2674,0.2374
1220,0.347,0.2675,0.2376
1221,0.3472,0.2677,0.2377
1222,0.3474,0.2679,0.2379
1223,0.3477,0.2681,0.2381
1224,0.348,0.2684,0.2383
1225,0.3483,0.2686,0.2385
1226,0.3486,0.2689,0.2388
1227,0.3489,0.2692,0.239
1228,0.3493,0.2694,0.2393
1229,0.3496,0.2697,0.2396
1230,0.35,0.27,0.2398
1231,0.3504,0.2703,0.2401
1232,0.3507,0.2706,0.2404
1233,0.3511,0.2709,0.2406
1234,0.3514,0.2712,0.2409
1235,0.3517,0.2714,0.2411
1236,0.352,0.2717,0.2414
1237,0.3523,0.2719,0.2416
1238,0.3526,0.2721,0.2418
1239,0.3528,0.2723,0.242
1240,0.353,0.2725,0.2421
1241,0.3532,0.2726,0.2422
1242,0.3533,0.2727,0.2424
1243,0.3534,0.2728,0.2424
1244,0.3535,0.2729,0.2425
1245,0.3536,0.273,0.2426
1246,0.3536,0.273,0.2427
1247,0.3537,0.2731,0.2427
1248,0.3538,0.2732,0.2428
1249,0.3539,0.2733,0.2429
1250,0.354,0.2734,0.243
1251,0.3541,0.2735,0.2431
1252,0.3543,0.2736,0.2432
1253,0.3545,0.2738,0.2434
1254,0.3547,0.2739,0.2435
1255,0.3549,0.2741,0.2437
1256,0.3551,0.2743,0.2439
1257,0.3553,0.2745,0.244
1258,0.3555,0.2747,0.2442
1259,0.3558,0.2749,0.2444
1260,0.356,0.2751,0.2446
1261,0.3562,0.2753,0.2448
1262,0.3565,0.2755,0.245
1263,0.3567,0.2757,0.2452
1264,0.3569,0.2759,0.2453
1265,0.3571,0.276,0.2455
1266,0.3573,0.2762,0.2457
1267,0.3575,0.2764,0.2458
1268,0.3577,0.2765,0.246
1269,0.3578,0.2767,0.2461
1270,0.358,0.2768,0.2462
1271,0.3581,0.2769,0.2463
1272,0.3583,0.277,0.2464
1273,0.3584,0.2771,0.2465
1274,0.3585,0.2772,0.2466
1275,0.3586,0.2773,0.2466
1276,0.3587,0.2773,0.2467
1277,0.3587,0.2774,0.2467
1278,0.3588,0.2775,0.2468
1279,0.3589,0.2775,0.2468
1280,0.359,0.2776,0.2469
1281,0.3591,0.2776,0.2469
1282,0.3592,0.2777,0.247
1283,0.3593,0.2778,0.2471
1284,0.3594,0.2779,0.2471
1285,0.3595,0.2779,0.2472
1286,0.3596,0.278,0.2472
1287,0.3597,0.2781,0.2473
1288,0.3598,0.2782,0.2474
1289,0.3599,0.2782,0.2474
1290,0.36,0.2783,0.2475
1291,0.3601,0.2784,0.2475
1292,0.3602,0.2785,0.2476
1293,0.3603,0.2785,0.2476
1294,0.3604,0.2786,0.2477
1295,0.3605,0.2787,0.2478
1296,0.3606,0.2787,0.2478
1297,0.3607,0.2788,0.2478
1298,0.3608,0.2789,0.2479
1299,0.3609,0.2789,0.2479
1300,0.361,0.279,0.248
1301,0.3611,0.2791,0.248
1302,0.3612,0.2791,0.248
1303,0.3613,0.2792,0.2481
1304,0.3614,0.2793,0.2481
1305,0.3615,0.2793,0.2481
1306,0.3616,0.2794,0.2482
1307,0.3617,0.2794,0.2482
1308,0.3618,0.2795,0.2482
1309,0.3619,0.2795,0.2482
1310,0.362,0.2796,0.2483
1311,0.3621,0.2796,0.2483
1312,0.3622,0.2797,0.2483
1313,0.3623,0.2798,0.2483
1314,0.3624,0.2798,0.2484
1315,0.3625,0.2799,0.2484
1316,0.3626,0.2799,0.2484
1317,0.3627,0.28,0.2484
1318,0.3628,0.28,0.2484
1319,0.3629,0.2801,0.2484
1320,0.363,0.2801,0.2484
1321,0.3631,0.2802,0.2485
1322,0.3632,0.2803,0.2485
1323,0.3633,0.2803,0.2485
1324,0.3634,0.2804,0.2485
1325,0.3635,0.2804,0.2485
1326,0.3636,0.2805,0.2485
1327,0.3637,0.2805,0.2485
1328,0.3638,0.2805,0.2485
1329,0.3639,0.2806,0.2485
1330,0.364,0.2806,0.2485
1331,0.3641,0.2806,0.2484
1332,0.3642,0.2807,0.2484
1333,0.3642,0.2807,0.2484
1334,0.3643,0.2807,0.2484
1335,0.3644,0.2807,0.2483
1336,0.3645,0.2808,0.2483
1337,0.3646,0.2808,0.2483
1338,0.3647,0.2809,0.2483
1339,0.3648,0.2809,0.2483
1340,0.365,0.281,0.2483
1341,0.3652,0.2811,0.2483
1342,0.3654,0.2812,0.2484
1343,0.3656,0.2813,0.2484
1344,0.3658,0.2814,0.2484
1345,0.366,0.2815,0.2485
1346,0.3662,0.2816,0.2485
1347,0.3664,0.2818,0.2486
1348,0.3666,0.2819,0.2486
1349,0.3668,0.282,0.2487
1350,0.367,0.2821,0.2487
1351,0.3672,0.2821,0.2487
1352,0.3673,0.2822,0.2487
1353,0.3674,0.2823,0.2487
1354,0.3675,0.2823,0.2487
1355,0.3676,0.2823,0.2487
1356,0.3677,0.2824,0.2486
1357,0.3678,0.2824,0.2486
1358,0.3679,0.2824,0.2485
1359,0.3679,0.2824,0.2485
1360,0.368,0.2824,0.2484
1361,0.3681,0.2824,0.2484
1362,0.3681,0.2823,0.2483
1363,0.3681,0.2823,0.2482
1364,0.3682,0.2823,0.2481
1365,0.3682,0.2822,0.248
1366,0.3682,0.2822,0.2479
1367,0.3682,0.2821,0.2477
1368,0.3681,0.282,0.2475
1369,0.3681,0.2818,0.2473
1370,0.368,0.2817,0.247
1371,0.3679,0.2815,0.2467
1372,0.3678,0.2812,0.2464
1373,0.3676,0.281,0.246
1374,0.3674,0.2807,0.2456
1375,0.3672,0.2804,0.2451
1376,0.367,0.28,0.2446
1377,0.3668,0.2796,0.244
1378,0.3666,0.2792,0.2434
1379,0.3663,0.2787,0.2427
1380,0.366,0.2782,0.242
1381,0.3657,0.2777,0.2411
1382,0.3654,0.2771,0.2403
1383,0.3651,0.2765,0.2393
1384,0.3648,0.2758,0.2383
1385,0.3644,0.2751,0.2373
1386,0.3641,0.2744,0.2362
1387,0.3638,0.2737,0.2351
1388,0.3635,0.273,0.2339
1389,0.3633,0.2723,0.2327
1390,0.363,0.2715,0.2315
1391,0.3628,0.2707,0.2303
1392,0.3625,0.27,0.229
1393,0.3623,0.2692,0.2278
1394,0.3621,0.2685,0.2265
1395,0.362,0.2677,0.2252
1396,0.3618,0.2669,0.2239
1397,0.3616,0.2662,0.2226
1398,0.3614,0.2654,0.2213
1399,0.3612,0.2646,0.2201
1400,0.361,0.2639,0.2188
1401,0.3608,0.2631,0.2175
1402,0.3605,0.2623,0.2163
1403,0.3603,0.2616,0.2151
1404,0.3601,0.2608,0.214
1405,0.3598,0.2601,0.2128
1406,0.3596,0.2594,0.2118
1407,0.3594,0.2588,0.2107
1408,0.3592,0.2582,0.2098
1409,0.3591,0.2576,0.2089
1410,0.359,0.2571,0.208
1411,0.3589,0.2567,0.2072
1412,0.3589,0.2563,0.2065
1413,0.3589,0.2559,0.2059
1414,0.359,0.2556,0.2053
1415,0.3591,0.2554,0.2048
1416,0.3592,0.2551,0.2043
1417,0.3594,0.255,0.2039
1418,0.3596,0.2548,0.2036
1419,0.3598,0.2547,0.2032
1420,0.36,0.2547,0.2029
1421,0.3602,0.2546,0.2027
1422,0.3605,0.2546,0.2024
1423,0.3608,0.2546,0.2022
1424,0.3611,0.2546,0.2021
1425,0.3614,0.2547,0.2019
1426,0.3617,0.2547,0.2018
1427,0.362,0.2548,0.2017
1428,0.3623,0.2549,0.2016
1429,0.3627,0.255,0.2016
1430,0.363,0.2551,0.2015
1431,0.3633,0.2552,0.2015
1432,0.3637,0.2553,0.2015
1433,0.364,0.2555,0.2015
1434,0.3643,0.2556,0.2015
1435,0.3646,0.2557,0.2015
1436,0.3649,0.2559,0.2016
1437,0.3652,0.256,0.2016
1438,0.3655,0.2561,0.2017
1439,0.3658,0.2563,0.2017
1440,0.366,0.2564,0.2018
1441,0.3662,0.2565,0.2018
1442,0.3664,0.2566,0.2019
1443,0.3666,0.2567,0.2019
1444,0.3668,0.2569,0.202
1445,0.367,0.257,0.2021
1446,0.3672,0.2571,0.2022
1447,0.3674,0.2572,0.2023
1448,0.3676,0.2574,0.2024
1449,0.3678,0.2575,0.2025
1450,0.368,0.2577,0.2027
1451,0.3682,0.2579,0.2028
1452,0.3685,0.2581,0.203
1453,0.3688,0.2583,0.2032
1454,0.3691,0.2586,0.2034
1455,0.3694,0.2588,0.2037
1456,0.3697,0.2591,0.2039
1457,0.37,0.2594,0.2042
1458,0.3703,0.2597,0.2045
1459,0.3707,0.26,0.2049
1460,0.371,0.2604,0.2052
1461,0.3713,0.2607,0.2056
1462,0.3717,0.2611,0.206
1463,0.372,0.2615,0.2065
1464,0.3723,0.2618,0.2069
1465,0.3726,0.2622,0.2074
1466,0.3729,0.2626,0.2079
1467,0.3732,0.263,0.2084
1468,0.3735,0.2635,0.2089
1469,0.3737,0.2639,0.2094
1470,0.374,0.2643,0.21
1471,0.3742,0.2647,0.2105
1472,0.3745,0.2651,0.211
1473,0.3747,0.2655,0.2116
1474,0.3749,0.2659,0.2121
1475,0.3751,0.2663,0.2127
1476,0.3753,0.2667,0.2133
1477,0.3755,0.2671,0.2138
1478,0.3756,0.2674,0.2144
1479,0.3758,0.2678,0.2149
1480,0.376,0.2682,0.2155
1481,0.3762,0.2686,0.216
1482,0.3764,0.269,0.2166
1483,0.3766,0.2694,0.2172
1484,0.3768,0.2698,0.2177
1485,0.377,0.2702,0.2183
1486,0.3772,0.2706,0.2188
1487,0.3774,0.271,0.2194
1488,0.3776,0.2714,0.22
1489,0.3778,0.2718,0.2206
1490,0.378,0.2722,0.2212
1491,0.3782,0.2727,0.2218
1492,0.3784,0.2731,0.2224
1493,0.3787,0.2735,0.223
1494,0.3789,0.274,0.2236
1495,0.3791,0.2744,0.2242
1496,0.3793,0.2748,0.2248
1497,0.3795,0.2752,0.2254
1498,0.3797,0.2756,0.226
1499,0.3798,0.276,0.2266
1500,0.38,0.2764,0.2271
1501,0.3801,0.2767,0.2277
1502,0.3803,0.277,0.2282
1503,0.3804,0.2774,0.2287
1504,0.3805,0.2777,0.2292
1505,0.3806,0.278,0.2296
1506,0.3807,0.2783,0.2301
1507,0.3807,0.2785,0.2306
1508,0.3808,0.2788,0.231
1509,0.3809,0.2791,0.2315
1510,0.381,0.2794,0.2319
1511,0.3811,0.2797,0.2324
1512,0.3812,0.28,0.2329
1513,0.3813,0.2803,0.2333
1514,0.3814,0.2806,0.2338
1515,0.3815,0.2809,0.2343
1516,0.3816,0.2812,0.2347
1517,0.3817,0.2815,0.2352
1518,0.3818,0.2817,0.2356
1519,0.3819,0.282,0.236
1520,0.382,0.2823,0.2364
1521,0.3821,0.2825,0.2368
1522,0.3821,0.2827,0.2372
1523,0.3822,0.283,0.2376
1524,0.3822,0.2832,0.238
1525,0.3823,0.2834,0.2384
1526,0.3824,0.2837,0.2388
1527,0.3825,0.284,0.2392
1528,0.3826,0.2842,0.2396
1529,0.3828,0.2846,0.24
1530,0.383,0.2849,0.2405
1531,0.3832,0.2853,0.241
1532,0.3835,0.2856,0.2415
1533,0.3838,0.2861,0.242
1534,0.3841,0.2865,0.2426
1535,0.3845,0.2869,0.2431
1536,0.3848,0.2873,0.2436
1537,0.3851,0.2878,0.2442
1538,0.3854,0.2882,0.2447
1539,0.3857,0.2885,0.2452
1540,0.386,0.2889,0.2456
1541,0.3862,0.2892,0.2461
1542,0.3864,0.2895,0.2465
1543,0.3866,0.2898,0.2469
1544,0.3867,0.29,0.2472
1545,0.3868,0.2903,0.2475
1546,0.3869,0.2905,0.2478
1547,0.3869,0.2906,0.2481
1548,0.387,0.2908,0.2484
1549,0.387,0.2909,0.2487
1550,0.387,0.2911,0.2489
1551,0.387,0.2912,0.2491
1552,0.387,0.2913,0.2493
1553,0.387,0.2914,0.2495
1554,0.387,0.2915,0.2497
1555,0.387,0.2916,0.2499
1556,0.387,0.2917,0.2501
1557,0.387,0.2918,0.2503
1558,0.387,0.2919,0.2505
1559,0.387,0.292,0.2507
1560,0.387,0.2921,0.2509
1561,0.387,0.2922,0.2511
1562,0.3871,0.2923,0.2513
1563,0.3871,0.2925,0.2515
1564,0.3872,0.2926,0.2517
1565,0.3873,0.2928,0.252
1566,0.3874,0.293,0.2522
1567,0.3875,0.2932,0.2525
1568,0.3877,0.2934,0.2528
1569,0.3878,0.2936,0.2531
1570,0.388,0.2938,0.2534
1571,0.3882,0.2941,0.2537
1572,0.3884,0.2944,0.254
1573,0.3886,0.2946,0.2543
1574,0.3889,0.2949,0.2546
1575,0.3891,0.2952,0.255
1576,0.3893,0.2954,0.2553
1577,0.3895,0.2957,0.2556
1578,0.3897,0.2959,0.2559
1579,0.3899,0.2961,0.2561
1580,0.39,0.2963,0.2564
1581,0.3901,0.2965,0.2566
1582,0.3902,0.2966,0.2568
1583,0.3902,0.2967,0.2569
1584,0.3902,0.2968,0.2571
1585,0.3902,0.2968,0.2572
1586,0.3902,0.2969,0.2573
1587,0.3901,0.2969,0.2574
1588,0.3901,0.297,0.2575
1589,0.39,0.297,0.2576
1590,0.39,0.297,0.2577
1591,0.39,0.297,0.2578
1592,0.3899,0.2971,0.2579
1593,0.3899,0.2971,0.258
1594,0.3899,0.2972,0.2581
1595,0.3899,0.2972,0.2582
1596,0.3899,0.2973,0.2583
1597,0.3899,0.2973,0.2584
1598,0.3899,0.2974,0.2585
1599,0.3899,0.2975,0.2587
1600,0.39,0.2976,0.2588
1601,0.3901,0.2977,0.2589
1602,0.3901,0.2978,0.2591
1603,0.3902,0.2979,0.2592
1604,0.3903,0.298,0.2594
1605,0.3904,0.2981,0.2595
1606,0.3905,0.2983,0.2597
1607,0.3907,0.2984,0.2598
1608,0.3908,0.2985,0.26
1609,0.3909,0.2987,0.2602
1610,0.391,0.2988,0.2603
1611,0.3911,0.2989,0.2605
1612,0.3912,0.299,0.2606
1613,0.3913,0.2992,0.2607
1614,0.3914,0.2993,0.2609
1615,0.3915,0.2994,0.261
1616,0.3916,0.2995,0.2612
1617,0.3917,0.2996,0.2613
1618,0.3918,0.2997,0.2614
1619,0.3919,0.2999,0.2616
1620,0.392,0.3,0.2617
1621,0.3921,0.3001,0.2618
1622,0.3922,0.3002,0.262
1623,0.3923,0.3003,0.2621
1624,0.3924,0.3004,0.2623
1625,0.3925,0.3005,0.2624
1626,0.3926,0.3007,0.2625
1627,0.3927,0.3008,0.2627
1628,0.3928,0.3009,0.2628
1629,0.3929,0.301,0.263
1630,0.393,0.3012,0.2631
1631,0.3931,0.3013,0.2633
1632,0.3932,0.3014,0.2634
1633,0.3934,0.3015,0.2635
1634,0.3935,0.3017,0.2637
1635,0.3936,0.3018,0.2638
1636,0.3937,0.3019,0.2639
1637,0.3938,0.302,0.264
1638,0.3939,0.3021,0.2641
1639,0.394,0.3022,0.2642
1640,0.394,0.3022,0.2643
1641,0.394,0.3023,0.2644
1642,0.394,0.3023,0.2644
1643,0.394,0.3023,0.2645
1644,0.394,0.3024,0.2645
1645,0.394,0.3024,0.2646
1646,0.394,0.3024,0.2646
1647,0.394,0.3024,0.2647
1648,0.394,0.3024,0.2647
1649,0.394,0.3025,0.2648
1650,0.394,0.3025,0.2648
1651,0.3941,0.3026,0.2649
1652,0.3941,0.3027,0.265
1653,0.3942,0.3028,0.2651
1654,0.3943,0.3029,0.2652
1655,0.3944,0.303,0.2653
1656,0.3945,0.3031,0.2654
1657,0.3947,0.3032,0.2656
1658,0.3948,0.3033,0.2657
1659,0.3949,0.3034,0.2658
1660,0.395,0.3035,0.2659
1661,0.3951,0.3036,0.266
1662,0.3952,0.3037,0.2661
1663,0.3953,0.3038,0.2661
1664,0.3953,0.3039,0.2662
1665,0.3954,0.3039,0.2663
1666,0.3955,0.304,0.2664
1667,0.3956,0.3041,0.2665
1668,0.3957,0.3042,0.2666
1669,0.3959,0.3043,0.2667
1670,0.396,0.3045,0.2669
1671,0.3962,0.3046,0.267
1672,0.3963,0.3048,0.2671
1673,0.3965,0.305,0.2673
1674,0.3968,0.3051,0.2675
1675,0.397,0.3053,0.2677
1676,0.3972,0.3055,0.2678
1677,0.3974,0.3057,0.268
1678,0.3976,0.3059,0.2682
1679,0.3978,0.306,0.2683
1680,0.398,0.3062,0.2685
1681,0.3982,0.3064,0.2686
1682,0.3983,0.3065,0.2687
1683,0.3985,0.3066,0.2689
1684,0.3986,0.3067,0.269
1685,0.3987,0.3068,0.269
1686,0.3988,0.3069,0.2691
1687,0.3989,0.307,0.2692
1688,0.3989,0.307,0.2692
1689,0.399,0.3071,0.2693
1690,0.399,0.3071,0.2693
1691,0.399,0.3071,0.2694
1692,0.399,0.3071,0.2694
1693,0.399,0.3072,0.2694
1694,0.399,0.3072,0.2694
1695,0.399,0.3072,0.2694
1696,0.399,0.3072,0.2694
1697,0.399,0.3071,0.2693
1698,0.399,0.3071,0.2693
1699,0.399,0.3071,0.2693
1700,0.399,0.3071,0.2693
1701,0.399,0.3071,0.2693
1702,0.399,0.3071,0.2693
1703,0.399,0.3071,0.2692
1704,0.399,0.3071,0.2692
1705,0.399,0.3071,0.2692
1706,0.399,0.3071,0.2692
1707,0.399,0.307,0.2691
1708,0.399,0.307,0.2691
1709,0.399,0.307,0.2691
1710,0.399,0.307,0.269
1711,0.399,0.307,0.269
1712,0.399,0.3069,0.2689
1713,0.3989,0.3069,0.2689
1714,0.3989,0.3068,0.2688
1715,0.3989,0.3068,0.2688
1716,0.3989,0.3068,0.2687
1717,0.3989,0.3068,0.2687
1718,0.3989,0.3068,0.2687
1719,0.3989,0.3068,0.2686
1720,0.399,0.3068,0.2686
1721,0.3991,0.3068,0.2686
1722,0.3992,0.3069,0.2687
1723,0.3993,0.307,0.2687
1724,0.3994,0.307,0.2687
1725,0.3995,0.3071,0.2688
1726,0.3996,0.3072,0.2688
1727,0.3998,0.3072,0.2688
1728,0.3999,0.3073,0.2688
1729,0.3999,0.3073,0.2688
1730,0.4,0.3073,0.2688
1731,0.4,0.3073,0.2688
1732,0.4,0.3073,0.2687
1733,0.4,0.3073,0.2686
1734,0.4,0.3072,0.2685
1735,0.4,0.3071,0.2684
1736,0.4,0.3071,0.2683
1737,0.4,0.307,0.2682
1738,0.4,0.307,0.2681
1739,0.4,0.3069,0.268
1740,0.4,0.3069,0.268
1741,0.4001,0.3069,0.2679
1742,0.4001,0.3069,0.2679
1743,0.4002,0.307,0.2679
1744,0.4003,0.307,0.2678
1745,0.4005,0.307,0.2678
1746,0.4006,0.3071,0.2678
1747,0.4007,0.3071,0.2678
1748,0.4008,0.3072,0.2678
1749,0.4009,0.3072,0.2677
1750,0.401,0.3072,0.2677
1751,0.4011,0.3072,0.2676
1752,0.4011,0.3071,0.2675
1753,0.4011,0.3071,0.2674
1754,0.4011,0.307,0.2672
1755,0.4011,0.3069,0.2671
1756,0.4011,0.3069,0.2669
1757,0.4011,0.3068,0.2668
1758,0.4011,0.3067,0.2666
1759,0.401,0.3066,0.2665
1760,0.401,0.3065,0.2663
1761,0.401,0.3064,0.2661
1762,0.4009,0.3063,0.266
1763,0.4009,0.3062,0.2659
1764,0.4009,0.3061,0.2657
1765,0.4009,0.3061,0.2656
1766,0.4009,0.306,0.2655
1767,0.4009,0.306,0.2654
1768,0.4009,0.3059,0.2653
1769,0.401,0.3059,0.2652
1770,0.401,0.3059,0.2652
1771,0.4011,0.3059,0.2651
1772,0.4011,0.306,0.2651
1773,0.4012,0.306,0.2651
1774,0.4013,0.306,0.2651
1775,0.4014,0.3061,0.2651
1776,0.4015,0.3062,0.2652
1777,0.4017,0.3062,0.2652
1778,0.4018,0.3063,0.2652
1779,0.4019,0.3064,0.2653
1780,0.402,0.3064,0.2653
1781,0.4021,0.3065,0.2653
1782,0.4022,0.3066,0.2653
1783,0.4023,0.3066,0.2654
1784,0.4024,0.3067,0.2654
1785,0.4025,0.3067,0.2654
1786,0.4026,0.3068,0.2654
1787,0.4027,0.3069,0.2655
1788,0.4028,0.3069,0.2655
1789,0.4029,0.307,0.2656
1790,0.403,0.3071,0.2656
1791,0.4031,0.3072,0.2657
1792,0.4032,0.3073,0.2658
1793,0.4033,0.3073,0.2659
1794,0.4034,0.3074,0.2659
1795,0.4036,0.3075,0.266
1796,0.4037,0.3076,0.2661
1797,0.4038,0.3077,0.2662
1798,0.4038,0.3078,0.2663
1799,0.4039,0.3079,0.2664
1800,0.404,0.308,0.2665
1801,0.4041,0.308,0.2665
1802,0.4041,0.3081,0.2666
1803,0.4041,0.3081,0.2666
1804,0.4042,0.3082,0.2667
1805,0.4042,0.3082,0.2667
1806,0.4042,0.3082,0.2667
1807,0.4041,0.3082,0.2667
1808,0.4041,0.3081,0.2667
1809,0.4041,0.3081,0.2666
1810,0.404,0.308,0.2666
1811,0.4039,0.308,0.2665
1812,0.4038,0.3079,0.2664
1813,0.4037,0.3078,0.2663
1814,0.4036,0.3077,0.2662
1815,0.4035,0.3076,0.2661
1816,0.4034,0.3075,0.266
1817,0.4033,0.3074,0.2659
1818,0.4032,0.3073,0.2658
1819,0.4031,0.3072,0.2657
1820,0.403,0.3071,0.2656
1821,0.4029,0.307,0.2655
1822,0.4028,0.307,0.2654
1823,0.4028,0.3069,0.2654
1824,0.4028,0.3069,0.2653
1825,0.4027,0.3068,0.2653
1826,0.4027,0.3068,0.2653
1827,0.4028,0.3068,0.2653
1828,0.4028,0.3069,0.2653
1829,0.4029,0.3069,0.2653
1830,0.403,0.3069,0.2653
1831,0.4031,0.307,0.2653
1832,0.4033,0.3071,0.2654
1833,0.4035,0.3072,0.2654
1834,0.4037,0.3073,0.2654
1835,0.4039,0.3074,0.2655
1836,0.4041,0.3075,0.2655
1837,0.4043,0.3077,0.2655
1838,0.4046,0.3078,0.2655
1839,0.4048,0.3079,0.2655
1840,0.405,0.3079,0.2655
1841,0.4052,0.308,0.2654
1842,0.4054,0.308,0.2653
1843,0.4055,0.3081,0.2652
1844,0.4057,0.308,0.2651
1845,0.4058,0.308,0.2649
1846,0.4059,0.3079,0.2647
1847,0.406,0.3078,0.2645
1848,0.406,0.3077,0.2642
1849,0.406,0.3075,0.2639
1850,0.406,0.3073,0.2635
1851,0.4059,0.3071,0.263
1852,0.4058,0.3068,0.2626
1853,0.4057,0.3064,0.262
1854,0.4055,0.3061,0.2614
1855,0.4053,0.3056,0.2607
1856,0.4051,0.3051,0.26
1857,0.4049,0.3046,0.2592
1858,0.4046,0.304,0.2583
1859,0.4043,0.3034,0.2573
1860,0.404,0.3027,0.2562
1861,0.4037,0.3019,0.2551
1862,0.4033,0.3011,0.2538
1863,0.4029,0.3002,0.2525
1864,0.4026,0.2993,0.2511
1865,0.4022,0.2983,0.2496
1866,0.4018,0.2972,0.2479
1867,0.4013,0.2961,0.2462
1868,0.4009,0.2949,0.2444
1869,0.4005,0.2937,0.2425
1870,0.4,0.2924,0.2405
1871,0.3995,0.291,0.2383
1872,0.3991,0.2896,0.2361
1873,0.3986,0.2881,0.2337
1874,0.398,0.2865,0.2312
1875,0.3975,0.2848,0.2286
1876,0.3969,0.2829,0.2258
1877,0.3962,0.281,0.2228
1878,0.3956,0.2789,0.2197
1879,0.3948,0.2767,0.2163
1880,0.394,0.2743,0.2128
1881,0.3931,0.2717,0.2091
1882,0.3922,0.269,0.2052
1883,0.3912,0.2662,0.2012
1884,0.3902,0.2633,0.1971
1885,0.3892,0.2604,0.1929
1886,0.3881,0.2574,0.1887
1887,0.3871,0.2544,0.1846
1888,0.386,0.2514,0.1804
1889,0.385,0.2484,0.1764
1890,0.384,0.2455,0.1725
1891,0.383,0.2427,0.1687
1892,0.3821,0.24,0.1651
1893,0.3813,0.2374,0.1617
1894,0.3804,0.2348,0.1584
1895,0.3796,0.2324,0.1553
1896,0.3789,0.2301,0.1524
1897,0.3781,0.2279,0.1496
1898,0.3774,0.2258,0.147
1899,0.3767,0.2238,0.1446
1900,0.376,0.2219,0.1424
1901,0.3753,0.2202,0.1403
1902,0.3747,0.2185,0.1384
1903,0.3741,0.217,0.1366
1904,0.3735,0.2156,0.135
1905,0.373,0.2144,0.1335
1906,0.3725,0.2132,0.1322
1907,0.372,0.2121,0.131
1908,0.3716,0.2111,0.1299
1909,0.3713,0.2103,0.1289
1910,0.371,0.2095,0.128
1911,0.3708,0.2088,0.1273
1912,0.3706,0.2082,0.1266
1913,0.3706,0.2077,0.1259
1914,0.3705,0.2073,0.1254
1915,0.3705,0.2069,0.1249
1916,0.3706,0.2066,0.1245
1917,0.3707,0.2063,0.1242
1918,0.3708,0.2061,0.1239
1919,0.3709,0.206,0.1236
1920,0.371,0.2058,0.1234
1921,0.3711,0.2057,0.1232
1922,0.3713,0.2056,0.1231
1923,0.3714,0.2056,0.123
1924,0.3715,0.2056,0.1229
1925,0.3717,0.2056,0.1228
1926,0.3718,0.2056,0.1228
1927,0.3719,0.2056,0.1228
1928,0.3719,0.2056,0.1228
1929,0.372,0.2057,0.1228
1930,0.372,0.2057,0.1229
1931,0.372,0.2058,0.123
1932,0.372,0.2059,0.1231
1933,0.3719,0.206,0.1233
1934,0.3719,0.2061,0.1234
1935,0.3718,0.2063,0.1236
1936,0.3718,0.2065,0.1239
1937,0.3718,0.2067,0.1241
1938,0.3718,0.2069,0.1244
1939,0.3719,0.2072,0.1248
1940,0.372,0.2075,0.1251
1941,0.3722,0.2079,0.1255
1942,0.3724,0.2083,0.126
1943,0.3726,0.2088,0.1264
1944,0.3729,0.2093,0.127
1945,0.3732,0.2098,0.1275
1946,0.3736,0.2103,0.128
1947,0.3739,0.2109,0.1286
1948,0.3743,0.2115,0.1292
1949,0.3746,0.2121,0.1298
1950,0.375,0.2127,0.1305
1951,0.3753,0.2133,0.1311
1952,0.3757,0.2139,0.1317
1953,0.376,0.2145,0.1324
1954,0.3763,0.2151,0.1331
1955,0.3766,0.2157,0.1338
1956,0.3769,0.2163,0.1345
1957,0.3771,0.217,0.1352
1958,0.3774,0.2176,0.1359
1959,0.3777,0.2182,0.1366
1960,0.378,0.2189,0.1373
1961,0.3783,0.2195,0.1381
1962,0.3786,0.2202,0.1388
1963,0.3789,0.2208,0.1395
1964,0.3792,0.2215,0.1403
1965,0.3795,0.2221,0.141
1966,0.3798,0.2228,0.1418
1967,0.3801,0.2235,0.1426
1968,0.3804,0.2241,0.1434
1969,0.3807,0.2248,0.1442
1970,0.381,0.2255,0.145
1971,0.3813,0.2262,0.1458
1972,0.3816,0.227,0.1466
1973,0.3819,0.2277,0.1475
1974,0.3822,0.2284,0.1483
1975,0.3826,0.2291,0.1492
1976,0.3829,0.2298,0.1501
1977,0.3832,0.2306,0.1509
1978,0.3834,0.2313,0.1518
1979,0.3837,0.232,0.1526
1980,0.384,0.2327,0.1535
1981,0.3843,0.2333,0.1543
1982,0.3845,0.234,0.1552
1983,0.3847,0.2347,0.156
1984,0.385,0.2353,0.1568
1985,0.3852,0.2359,0.1576
1986,0.3854,0.2366,0.1584
1987,0.3856,0.2372,0.1592
1988,0.3857,0.2378,0.16
1989,0.3859,0.2384,0.1607
1990,0.386,0.2389,0.1615
1991,0.3861,0.2395,0.1623
1992,0.3862,0.2401,0.163
1993,0.3863,0.2406,0.1638
1994,0.3864,0.2412,0.1645
1995,0.3865,0.2417,0.1653
1996,0.3865,0.2422,0.1661
1997,0.3866,0.2428,0.1668
1998,0.3867,0.2433,0.1676
1999,0.3869,0.2439,0.1683
2000,0.387,0.2445,0.1691
2001,0.3872,0.245,0.1699
2002,0.3874,0.2456,0.1707
2003,0.3876,0.2462,0.1715
2004,0.3878,0.2468,0.1723
2005,0.388,0.2474,0.173
2006,0.3882,0.248,0.1738
2007,0.3884,0.2486,0.1746
2008,0.3886,0.2492,0.1754
2009,0.3888,0.2498,0.1761
2010,0.389,0.2503,0.1769
2011,0.3892,0.2508,0.1776
2012,0.3893,0.2514,0.1783
2013,0.3894,0.2519,0.179
2014,0.3895,0.2524,0.1797
2015,0.3896,0.2528,0.1804
2016,0.3897,0.2533,0.1811
2017,0.3898,0.2538,0.1818
2018,0.3898,0.2542,0.1825
2019,0.3899,0.2547,0.1831
2020,0.39,0.2552,0.1838
2021,0.3901,0.2556,0.1845
2022,0.3902,0.2561,0.1852
2023,0.3903,0.2565,0.1858
2024,0.3904,0.257,0.1865
2025,0.3905,0.2575,0.1872
2026,0.3906,0.2579,0.1878
2027,0.3907,0.2584,0.1885
2028,0.3908,0.2589,0.1892
2029,0.3909,0.2593,0.1898
2030,0.391,0.2598,0.1905
2031,0.3911,0.2602,0.1912
2032,0.3912,0.2607,0.1918
2033,0.3913,0.2611,0.1924
2034,0.3914,0.2616,0.1931
2035,0.3915,0.262,0.1937
2036,0.3916,0.2624,0.1943
2037,0.3917,0.2628,0.195
2038,0.3918,0.2632,0.1956
2039,0.3919,0.2637,0.1962
2040,0.392,0.2641,0.1968
2041,0.3921,0.2645,0.1974
2042,0.3921,0.2648,0.198
2043,0.3922,0.2652,0.1985
2044,0.3923,0.2656,0.1991
2045,0.3924,0.266,0.1997
2046,0.3925,0.2664,0.2003
2047,0.3926,0.2668,0.2009
2048,0.3927,0.2672,0.2015
2049,0.3928,0.2676,0.2021
2050,0.393,0.2681,0.2027
2051,0.3932,0.2685,0.2033
2052,0.3934,0.269,0.204
2053,0.3937,0.2695,0.2046
2054,0.3939,0.27,0.2053
2055,0.3941,0.2704,0.2059
2056,0.3944,0.2709,0.2065
2057,0.3946,0.2714,0.2071
2058,0.3947,0.2718,0.2077
2059,0.3949,0.2722,0.2083
2060,0.395,0.2726,0.2089
2061,0.3951,0.2729,0.2094
2062,0.3951,0.2732,0.2099
2063,0.3951,0.2735,0.2104
2064,0.395,0.2738,0.2109
2065,0.395,0.2741,0.2114
2066,0.395,0.2743,0.2118
2067,0.3949,0.2746,0.2123
2068,0.3949,0.2749,0.2128
2069,0.3949,0.2752,0.2133
2070,0.395,0.2755,0.2138
2071,0.3951,0.2758,0.2143
2072,0.3953,0.2762,0.2149
2073,0.3954,0.2766,0.2154
2074,0.3957,0.277,0.216
2075,0.3959,0.2775,0.2166
2076,0.3961,0.2779,0.2171
2077,0.3964,0.2783,0.2177
2078,0.3966,0.2788,0.2183
2079,0.3968,0.2792,0.2188
2080,0.397,0.2796,0.2194
2081,0.3972,0.2799,0.2199
2082,0.3973,0.2803,0.2204
2083,0.3974,0.2806,0.2209
2084,0.3975,0.2809,0.2214
2085,0.3976,0.2812,0.2218
2086,0.3977,0.2815,0.2223
2087,0.3978,0.2818,0.2227
2088,0.3978,0.2821,0.2232
2089,0.3979,0.2824,0.2236
2090,0.398,0.2827,0.2241
2091,0.3981,0.283,0.2245
2092,0.3982,0.2833,0.225
2093,0.3983,0.2836,0.2254
2094,0.3984,0.2839,0.2259
2095,0.3985,0.2842,0.2263
2096,0.3987,0.2845,0.2268
2097,0.3988,0.2848,0.2272
2098,0.3989,0.2851,0.2276
2099,0.3989,0.2853,0.228
2100,0.399,0.2856,0.2284
2101,0.399,0.2858,0.2288
2102,0.3991,0.2861,0.2292
2103,0.3991,0.2863,0.2295
2104,0.3991,0.2865,0.2299
2105,0.3991,0.2867,0.2302
2106,0.3991,0.2868,0.2305
2107,0.3991,0.287,0.2308
2108,0.399,0.2872,0.2311
2109,0.399,0.2873,0.2314
2110,0.399,0.2875,0.2317
2111,0.399,0.2877,0.232
2112,0.399,0.2878,0.2323
2113,0.399,0.288,0.2326
2114,0.399,0.2882,0.2329
2115,0.399,0.2883,0.2332
2116,0.399,0.2885,0.2335
2117,0.399,0.2887,0.2338
2118,0.399,0.2888,0.2341
2119,0.399,0.289,0.2344
2120,0.399,0.2892,0.2347
2121,0.399,0.2893,0.235
2122,0.399,0.2895,0.2353
2123,0.399,0.2897,0.2355
2124,0.3991,0.2898,0.2358
2125,0.3991,0.29,0.2361
2126,0.3991,0.2902,0.2364
2127,0.3991,0.2903,0.2366
2128,0.3991,0.2904,0.2369
2129,0.399,0.2906,0.2371
2130,0.399,0.2907,0.2373
2131,0.399,0.2908,0.2375
2132,0.3989,0.2909,0.2377
2133,0.3988,0.2909,0.2379
2134,0.3987,0.291,0.2381
2135,0.3987,0.2911,0.2382
2136,0.3985,0.2911,0.2384
2137,0.3984,0.2911,0.2385
2138,0.3983,0.2911,0.2386
2139,0.3982,0.2911,0.2387
2140,0.398,0.2911,0.2388
2141,0.3978,0.2911,0.2389
2142,0.3977,0.2911,0.239
2143,0.3975,0.291,0.239
2144,0.3973,0.291,0.2391
2145,0.3971,0.2909,0.2392
2146,0.3969,0.2909,0.2392
2147,0.3967,0.2908,0.2392
2148,0.3964,0.2907,0.2393
2149,0.3962,0.2907,0.2393
2150,0.396,0.2906,0.2393
2151,0.3958,0.2905,0.2394
2152,0.3956,0.2905,0.2394
2153,0.3953,0.2904,0.2394
2154,0.3951,0.2903,0.2394
2155,0.3948,0.2902,0.2394
2156,0.3945,0.29,0.2394
2157,0.3942,0.2899,0.2393
2158,0.3938,0.2897,0.2392
2159,0.3934,0.2894,0.2391
2160,0.393,0.2892,0.239
2161,0.3925,0.2889,0.2388
2162,0.392,0.2885,0.2385
2163,0.3914,0.2881,0.2383
2164,0.3908,0.2877,0.238
2165,0.3902,0.2873,0.2377
2166,0.3896,0.2869,0.2374
2167,0.3889,0.2864,0.237
2168,0.3883,0.286,0.2367
2169,0.3876,0.2855,0.2364
2170,0.387,0.2851,0.2361
2171,0.3864,0.2847,0.2357
2172,0.3858,0.2843,0.2355
2173,0.3852,0.2839,0.2352
2174,0.3846,0.2835,0.2349
2175,0.3841,0.2831,0.2346
2176,0.3835,0.2827,0.2343
2177,0.3829,0.2823,0.234
2178,0.3823,0.2819,0.2337
2179,0.3817,0.2814,0.2334
2180,0.381,0.281,0.233
2181,0.3803,0.2805,0.2327
2182,0.3796,0.28,0.2323
2183,0.3789,0.2795,0.2319
2184,0.3782,0.279,0.2315
2185,0.3774,0.2785,0.2311
2186,0.3767,0.2779,0.2307
2187,0.376,0.2774,0.2303
2188,0.3753,0.2769,0.23
2189,0.3746,0.2764,0.2296
2190,0.374,0.276,0.2292
2191,0.3734,0.2756,0.2289
2192,0.3729,0.2751,0.2285
2193,0.3723,0.2748,0.2282
2194,0.3719,0.2744,0.228
2195,0.3715,0.2741,0.2277
2196,0.3711,0.2738,0.2275
2197,0.3707,0.2736,0.2273
2198,0.3705,0.2734,0.2271
2199,0.3702,0.2732,0.2269
2200,0.37,0.273,0.2268
2201,0.3698,0.2729,0.2267
2202,0.3697,0.2728,0.2267
2203,0.3696,0.2728,0.2266
2204,0.3696,0.2728,0.2266
2205,0.3696,0.2728,0.2266
2206,0.3696,0.2728,0.2267
2207,0.3697,0.2729,0.2267
2208,0.3698,0.273,0.2268
2209,0.3699,0.2731,0.2269
2210,0.37,0.2732,0.227
2211,0.3701,0.2733,0.2271
2212,0.3703,0.2734,0.2272
2213,0.3705,0.2736,0.2274
2214,0.3707,0.2737,0.2275
2215,0.3709,0.2739,0.2276
2216,0.3711,0.2741,0.2277
2217,0.3713,0.2742,0.2279
2218,0.3715,0.2744,0.228
2219,0.3718,0.2746,0.2282
2220,0.372,0.2747,0.2283
2221,0.3722,0.2749,0.2284
2222,0.3724,0.2751,0.2286
2223,0.3727,0.2752,0.2287
2224,0.3729,0.2754,0.2288
2225,0.3731,0.2755,0.2289
2226,0.3733,0.2757,0.229
2227,0.3735,0.2758,0.2291
2228,0.3737,0.276,0.2292
2229,0.3738,0.2761,0.2293
2230,0.374,0.2762,0.2294
2231,0.3742,0.2763,0.2295
2232,0.3743,0.2764,0.2295
2233,0.3744,0.2765,0.2296
2234,0.3746,0.2766,0.2296
2235,0.3747,0.2766,0.2297
2236,0.3748,0.2767,0.2297
2237,0.3749,0.2767,0.2297
2238,0.3749,0.2768,0.2297
2239,0.375,0.2768,0.2296
2240,0.375,0.2768,0.2296
2241,0.375,0.2767,0.2295
2242,0.375,0.2767,0.2295
2243,0.375,0.2766,0.2294
2244,0.375,0.2766,0.2293
2245,0.375,0.2765,0.2292
2246,0.3749,0.2765,0.2291
2247,0.3749,0.2764,0.229
2248,0.3749,0.2764,0.2289
2249,0.375,0.2763,0.2288
2250,0.375,0.2763,0.2288
2251,0.3751,0.2763,0.2287
2252,0.3752,0.2764,0.2287
2253,0.3753,0.2764,0.2287
2254,0.3754,0.2764,0.2287
2255,0.3755,0.2765,0.2286
2256,0.3756,0.2765,0.2286
2257,0.3757,0.2766,0.2286
2258,0.3758,0.2766,0.2286
2259,0.3759,0.2766,0.2285
2260,0.376,0.2766,0.2285
2261,0.3761,0.2766,0.2284
2262,0.3761,0.2765,0.2283
2263,0.3761,0.2765,0.2282
2264,0.3761,0.2764,0.228
2265,0.3761,0.2763,0.2279
2266,0.3761,0.2763,0.2277
2267,0.376,0.2762,0.2276
2268,0.376,0.2761,0.2274
2269,0.376,0.276,0.2273
2270,0.376,0.2759,0.2271
2271,0.376,0.2758,0.227
2272,0.376,0.2758,0.2269
2273,0.376,0.2757,0.2267
2274,0.376,0.2756,0.2266
2275,0.3761,0.2756,0.2264
2276,0.3761,0.2755,0.2263
2277,0.3761,0.2754,0.2262
2278,0.3761,0.2753,0.226
2279,0.376,0.2752,0.2258
2280,0.376,0.2751,0.2256
2281,0.3759,0.275,0.2254
2282,0.3759,0.2749,0.2252
2283,0.3758,0.2747,0.225
2284,0.3757,0.2745,0.2247
2285,0.3756,0.2744,0.2245
2286,0.3755,0.2742,0.2242
2287,0.3754,0.274,0.224
2288,0.3752,0.2738,0.2237
2289,0.3751,0.2736,0.2234
2290,0.375,0.2734,0.2232
2291,0.3749,0.2732,0.2229
2292,0.3748,0.273,0.2226
2293,0.3747,0.2728,0.2224
2294,0.3746,0.2726,0.2221
2295,0.3745,0.2725,0.2218
2296,0.3744,0.2723,0.2216
2297,0.3743,0.2721,0.2213
2298,0.3742,0.2719,0.221
2299,0.3741,0.2717,0.2208
2300,0.374,0.2715,0.2205
2301,0.3739,0.2714,0.2202
2302,0.3738,0.2712,0.22
2303,0.3737,0.271,0.2197
2304,0.3737,0.2708,0.2194
2305,0.3736,0.2706,0.2191
2306,0.3735,0.2704,0.2189
2307,0.3734,0.2702,0.2186
2308,0.3733,0.27,0.2183
2309,0.3731,0.2698,0.218
2310,0.373,0.2696,0.2176
2311,0.3729,0.2693,0.2173
2312,0.3727,0.2691,0.217
2313,0.3725,0.2688,0.2166
2314,0.3723,0.2686,0.2163
2315,0.3721,0.2683,0.2159
2316,0.3719,0.268,0.2155
2317,0.3717,0.2677,0.2152
2318,0.3715,0.2674,0.2148
2319,0.3713,0.267,0.2144
2320,0.371,0.2667,0.2139
2321,0.3707,0.2664,0.2135
2322,0.3705,0.266,0.2131
2323,0.3702,0.2657,0.2126
2324,0.3699,0.2653,0.2122
2325,0.3696,0.2649,0.2117
2326,0.3693,0.2645,0.2112
2327,0.369,0.2641,0.2108
2328,0.3687,0.2637,0.2103
2329,0.3683,0.2633,0.2098
2330,0.368,0.2629,0.2093
2331,0.3677,0.2625,0.2088
2332,0.3673,0.262,0.2083
2333,0.367,0.2616,0.2077
2334,0.3667,0.2612,0.2072
2335,0.3663,0.2608,0.2067
2336,0.366,0.2604,0.2062
2337,0.3657,0.26,0.2058
2338,0.3655,0.2596,0.2053
2339,0.3652,0.2592,0.2048
2340,0.365,0.2589,0.2044
2341,0.3648,0.2586,0.204
2342,0.3646,0.2583,0.2036
2343,0.3645,0.2581,0.2033
2344,0.3644,0.2578,0.2029
2345,0.3643,0.2576,0.2026
2346,0.3642,0.2574,0.2023
2347,0.3641,0.2572,0.2019
2348,0.3641,0.257,0.2016
2349,0.364,0.2568,0.2013
2350,0.364,0.2566,0.201
2351,0.364,0.2564,0.2007
2352,0.364,0.2562,0.2003
2353,0.3639,0.2559,0.2
2354,0.3639,0.2557,0.1996
2355,0.3639,0.2555,0.1993
2356,0.3639,0.2553,0.1989
2357,0.364,0.2551,0.1986
2358,0.364,0.2549,0.1982
2359,0.364,0.2547,0.1979
2360,0.364,0.2545,0.1976
2361,0.364,0.2544,0.1972
2362,0.364,0.2542,0.1969
2363,0.3641,0.254,0.1966
2364,0.3641,0.2538,0.1962
2365,0.3641,0.2536,0.1959
2366,0.3641,0.2534,0.1956
2367,0.3641,0.2532,0.1952
2368,0.3641,0.253,0.1948
2369,0.364,0.2527,0.1945
2370,0.364,0.2525,0.1941
2371,0.3639,0.2522,0.1937
2372,0.3639,0.2519,0.1932
2373,0.3638,0.2516,0.1928
2374,0.3637,0.2513,0.1924
2375,0.3636,0.251,0.1919
2376,0.3634,0.2507,0.1914
2377,0.3633,0.2504,0.191
2378,0.3632,0.25,0.1905
2379,0.3631,0.2497,0.1901
2380,0.363,0.2494,0.1896
2381,0.3629,0.2491,0.1892
2382,0.3628,0.2488,0.1888
2383,0.3627,0.2486,0.1883
2384,0.3627,0.2483,0.1879
2385,0.3626,0.248,0.1875
2386,0.3625,0.2477,0.1871
2387,0.3624,0.2474,0.1867
2388,0.3623,0.2471,0.1863
2389,0.3621,0.2468,0.1858
2390,0.362,0.2465,0.1854
2391,0.3618,0.2462,0.185
2392,0.3617,0.2458,0.1845
2393,0.3614,0.2454,0.184
2394,0.3612,0.245,0.1835
2395,0.3609,0.2446,0.183
2396,0.3606,0.2441,0.1824
2397,0.3603,0.2437,0.1818
2398,0.3599,0.2431,0.1812
2399,0.3595,0.2426,0.1806
2400,0.359,0.242,0.1799
